Date,Open,High,Low,Close,Volume
31-Dec-13,6.71,8.00,6.71,7.75,215657
30-Dec-13,6.78,6.82,6.55,6.71,41993
27-Dec-13,6.85,7.04,6.65,6.67,69268
26-Dec-13,7.00,7.08,6.80,6.81,40717
24-Dec-13,6.94,7.05,6.94,6.98,16276
23-Dec-13,7.07,7.35,6.92,6.97,69667
20-Dec-13,7.10,7.25,7.05,7.06,75275
19-Dec-13,7.30,7.30,7.02,7.06,38538
18-Dec-13,7.18,8.00,7.15,7.29,167292
17-Dec-13,7.37,7.50,7.17,7.18,85544
16-Dec-13,7.75,7.96,7.38,7.47,118902
13-Dec-13,7.78,7.99,7.66,7.84,83790
12-Dec-13,8.04,8.97,7.65,7.82,522411
11-Dec-13,8.20,8.44,7.80,8.00,98608
10-Dec-13,8.10,8.44,7.75,8.12,184208
9-Dec-13,8.42,8.53,7.77,8.20,305292
6-Dec-13,9.14,9.65,7.89,8.40,1755094
5-Dec-13,6.82,8.60,6.82,7.45,1157160
4-Dec-13,7.02,7.70,6.81,6.86,261436
3-Dec-13,7.22,9.17,7.06,7.33,1618620
2-Dec-13,5.10,10.85,4.90,7.60,5385259
29-Nov-13,4.99,5.03,4.37,4.41,53724
27-Nov-13,4.60,4.99,4.59,4.89,70372
26-Nov-13,4.50,4.98,4.46,4.55,137941
25-Nov-13,4.27,4.75,4.27,4.40,59166
22-Nov-13,4.15,4.30,4.10,4.30,15713
21-Nov-13,3.91,4.19,3.91,4.19,4622
20-Nov-13,3.90,3.90,3.79,3.80,4100
19-Nov-13,3.80,3.84,3.59,3.84,6409
18-Nov-13,3.76,3.98,3.65,3.65,6264
15-Nov-13,3.83,3.96,3.82,3.85,4905
14-Nov-13,4.07,4.07,3.98,3.98,1400
13-Nov-13,4.10,4.19,3.93,3.93,8970
12-Nov-13,4.05,4.18,3.94,4.17,2300
11-Nov-13,4.10,4.20,3.92,4.04,3141
8-Nov-13,4.10,4.13,4.10,4.10,3387
7-Nov-13,4.39,4.42,4.10,4.18,12401
6-Nov-13,4.32,4.49,4.30,4.32,720
5-Nov-13,4.64,4.64,4.21,4.31,3486
4-Nov-13,4.73,4.73,4.22,4.22,9580
1-Nov-13,4.55,4.69,4.55,4.69,4506
31-Oct-13,4.41,4.69,4.13,4.67,9899
30-Oct-13,4.56,4.59,4.23,4.45,5650
29-Oct-13,4.52,4.75,4.50,4.54,3551
28-Oct-13,4.16,4.74,4.06,4.52,23762
25-Oct-13,3.93,4.39,3.93,4.26,6872
24-Oct-13,3.83,4.05,3.83,4.05,1137
23-Oct-13,4.05,4.05,3.86,4.05,600
22-Oct-13,4.14,4.20,4.02,4.02,1490
21-Oct-13,4.40,4.40,4.01,4.13,15281
18-Oct-13,4.03,4.14,3.81,3.99,6019
17-Oct-13,3.88,4.05,3.81,4.02,13222
16-Oct-13,4.14,4.95,3.73,3.73,106704
15-Oct-13,3.98,4.09,3.98,4.09,2100
14-Oct-13,4.15,4.15,3.94,3.96,2750
11-Oct-13,4.30,4.30,3.92,4.02,5700
10-Oct-13,4.20,4.35,4.07,4.18,5000
9-Oct-13,4.02,4.38,4.02,4.15,3241
8-Oct-13,4.13,4.49,3.95,4.02,47473
7-Oct-13,3.70,4.15,3.70,4.05,10735
4-Oct-13,3.50,3.68,3.50,3.65,700
3-Oct-13,3.55,3.69,3.55,3.69,1436
2-Oct-13,3.55,3.69,3.55,3.69,3601
1-Oct-13,3.60,3.70,3.56,3.64,2300
30-Sep-13,3.54,3.68,3.50,3.68,5350
27-Sep-13,3.60,3.71,3.60,3.71,5925
26-Sep-13,3.59,3.76,3.59,3.61,3864
25-Sep-13,3.48,3.64,3.48,3.60,4973
24-Sep-13,3.70,3.70,3.51,3.53,6500
23-Sep-13,3.90,3.92,3.80,3.80,6931
20-Sep-13,3.87,3.91,3.87,3.91,1462
19-Sep-13,3.92,3.92,3.86,3.91,7084
18-Sep-13,3.98,3.98,3.86,3.86,13638
17-Sep-13,4.00,4.01,3.86,3.94,27351
16-Sep-13,4.16,4.20,3.99,4.00,6495
13-Sep-13,3.95,4.06,3.95,4.06,800
12-Sep-13,4.15,4.19,4.05,4.07,3465
11-Sep-13,3.92,4.05,3.92,4.05,4896
10-Sep-13,4.06,4.28,3.83,3.95,18631
9-Sep-13,4.03,4.06,3.95,4.03,6913
6-Sep-13,3.98,4.04,3.83,3.94,2160
5-Sep-13,3.84,3.95,3.82,3.87,5200
4-Sep-13,4.04,4.04,3.78,3.83,8761
3-Sep-13,4.19,4.19,3.94,4.04,17165
30-Aug-13,3.89,4.16,3.89,4.07,9045
29-Aug-13,3.91,4.04,3.88,3.89,11910
28-Aug-13,4.10,4.30,4.00,4.03,23137
27-Aug-13,4.09,4.29,3.90,4.20,44580
26-Aug-13,4.10,4.39,4.00,4.19,44942
23-Aug-13,4.30,5.10,3.80,4.02,422024
22-Aug-13,3.90,4.24,3.88,4.16,75456
21-Aug-13,3.92,4.14,3.61,3.86,39194
20-Aug-13,3.43,4.28,3.43,3.86,133406
19-Aug-13,3.47,3.68,3.40,3.42,3164
16-Aug-13,3.52,3.71,3.50,3.51,18104
15-Aug-13,3.50,3.53,3.50,3.53,4400
14-Aug-13,3.83,3.83,3.50,3.59,22637
13-Aug-13,3.50,3.90,3.47,3.70,46547
12-Aug-13,3.89,3.92,3.47,3.56,101362
9-Aug-13,2.87,5.15,2.87,3.90,797484
8-Aug-13,3.17,3.20,2.95,2.98,53176
7-Aug-13,3.97,3.97,3.06,3.10,104234
6-Aug-13,3.09,5.75,3.05,4.05,794596
5-Aug-13,2.72,3.24,2.72,2.88,48485
2-Aug-13,2.68,2.77,2.68,2.77,2300
1-Aug-13,2.66,2.77,2.66,2.77,420
31-Jul-13,2.65,2.78,2.64,2.78,2200
30-Jul-13,2.71,2.73,2.64,2.73,8574
29-Jul-13,2.74,2.74,2.66,2.73,18607
26-Jul-13,2.74,2.77,2.74,2.77,2755
25-Jul-13,2.74,2.80,2.74,2.79,1100
24-Jul-13,2.73,2.75,2.73,2.73,800
22-Jul-13,2.73,2.75,2.73,2.74,871
19-Jul-13,2.80,2.80,2.74,2.74,6700
17-Jul-13,2.73,2.76,2.72,2.72,4648
16-Jul-13,2.70,2.80,2.70,2.80,1106
15-Jul-13,2.85,2.89,2.71,2.79,1200
12-Jul-13,2.81,2.81,2.81,2.81,400
11-Jul-13,2.82,2.90,2.77,2.78,2690
10-Jul-13,2.84,2.84,2.84,2.84,101
9-Jul-13,2.88,2.91,2.88,2.90,6430
8-Jul-13,2.69,2.71,2.68,2.71,826
5-Jul-13,2.82,2.84,2.78,2.79,900
3-Jul-13,2.90,2.99,2.74,2.89,13009
2-Jul-13,2.88,2.88,2.78,2.78,2010
1-Jul-13,2.76,2.95,2.76,2.95,7082
28-Jun-13,2.76,2.78,2.76,2.76,11200
26-Jun-13,2.81,2.83,2.80,2.83,600
25-Jun-13,2.90,2.93,2.79,2.85,4099
24-Jun-13,2.93,2.93,2.90,2.90,200
21-Jun-13,2.85,2.89,2.79,2.88,4800
20-Jun-13,2.98,2.98,2.82,2.94,3210
19-Jun-13,2.66,2.99,2.66,2.99,9310
18-Jun-13,2.76,2.76,2.76,2.76,200
17-Jun-13,2.66,2.72,2.65,2.66,1800
14-Jun-13,2.68,2.74,2.65,2.74,1450
13-Jun-13,2.65,2.74,2.65,2.71,6299
12-Jun-13,2.78,2.79,2.77,2.77,400
11-Jun-13,2.79,2.83,2.60,2.78,3350
10-Jun-13,2.89,2.89,2.73,2.74,6208
7-Jun-13,2.89,2.94,2.84,2.84,4100
6-Jun-13,2.77,2.94,2.77,2.92,9423
5-Jun-13,2.84,2.89,2.70,2.84,6526
4-Jun-13,2.64,2.93,2.64,2.84,11984
3-Jun-13,2.62,2.74,2.56,2.63,12718
31-May-13,2.71,2.76,2.71,2.71,6593
30-May-13,2.94,2.94,2.74,2.76,15011
29-May-13,3.03,3.03,2.90,2.90,26254
28-May-13,3.18,3.18,3.05,3.06,14926
24-May-13,3.23,3.29,3.11,3.23,15852
23-May-13,3.99,4.19,3.18,3.24,178951
22-May-13,3.55,3.89,3.38,3.81,131719
21-May-13,3.62,3.71,3.48,3.49,6524
20-May-13,3.73,3.86,3.49,3.60,40120
17-May-13,3.37,3.79,3.37,3.61,65958
16-May-13,3.28,3.37,3.28,3.37,3200
15-May-13,3.29,3.29,3.18,3.29,4450
14-May-13,3.23,3.30,3.15,3.20,12095
13-May-13,3.33,3.33,3.33,3.33,100
10-May-13,3.22,3.22,3.12,3.21,3811
9-May-13,3.17,3.34,3.17,3.33,1150
8-May-13,3.22,3.33,3.16,3.29,13412
7-May-13,3.31,3.38,3.25,3.26,16170
6-May-13,3.30,3.30,3.25,3.26,1407
3-May-13,3.28,3.30,3.25,3.27,7700
2-May-13,3.25,3.36,3.25,3.36,4248
1-May-13,3.34,3.36,3.25,3.33,12100
30-Apr-13,3.32,3.39,3.26,3.27,3720
29-Apr-13,3.40,3.45,3.33,3.39,1900
26-Apr-13,3.36,3.36,3.26,3.30,22010
25-Apr-13,3.38,3.46,3.33,3.34,9902
24-Apr-13,3.30,3.46,3.25,3.32,76138
23-Apr-13,3.20,3.58,3.20,3.25,158827
22-Apr-13,3.29,3.30,3.14,3.22,7402
19-Apr-13,3.18,3.36,3.10,3.30,16597
18-Apr-13,3.36,3.36,3.11,3.26,7690
17-Apr-13,3.27,3.38,3.10,3.20,8564
16-Apr-13,3.10,3.38,3.09,3.25,43446
15-Apr-13,3.18,3.18,3.05,3.05,17881
12-Apr-13,3.27,3.28,3.11,3.17,18619
11-Apr-13,3.40,3.59,3.24,3.26,53847
10-Apr-13,3.45,3.45,3.31,3.41,31560
9-Apr-13,3.35,3.49,3.20,3.45,99779
8-Apr-13,3.56,3.79,3.31,3.32,80976
5-Apr-13,3.50,3.72,3.30,3.50,84671
4-Apr-13,4.00,4.20,3.50,3.54,136326
3-Apr-13,4.83,5.45,3.89,4.12,799563
2-Apr-13,3.22,4.74,3.12,4.73,883206
1-Apr-13,3.20,3.25,3.16,3.20,9811
28-Mar-13,3.22,3.25,3.12,3.20,17610
27-Mar-13,3.20,3.20,3.07,3.20,4290
26-Mar-13,3.44,3.44,3.15,3.16,10821
25-Mar-13,3.23,3.48,3.22,3.40,6800
22-Mar-13,3.24,3.28,3.15,3.23,8723
21-Mar-13,3.17,3.28,3.07,3.15,11345
20-Mar-13,3.30,3.35,3.19,3.19,12897
19-Mar-13,3.36,3.44,3.14,3.29,14888
18-Mar-13,3.50,3.74,3.46,3.55,21438
15-Mar-13,3.37,3.67,3.30,3.44,22879
14-Mar-13,3.58,3.80,3.38,3.42,37448
13-Mar-13,3.97,4.19,3.55,3.63,53629
12-Mar-13,4.00,5.69,3.93,3.97,430175
11-Mar-13,2.86,4.00,2.82,3.85,147531
7-Mar-13,2.76,2.84,2.66,2.66,10040
6-Mar-13,2.89,2.89,2.88,2.88,800
5-Mar-13,2.71,2.90,2.71,2.79,1685
4-Mar-13,3.07,3.07,2.55,2.88,9905
1-Mar-13,3.17,3.45,2.86,3.12,3900
28-Feb-13,2.85,3.17,2.85,3.04,17240
26-Feb-13,3.46,3.46,2.89,2.95,18996
25-Feb-13,3.31,3.31,3.10,3.10,973
22-Feb-13,3.35,3.35,3.25,3.25,1400
21-Feb-13,3.50,3.50,3.27,3.42,12987
20-Feb-13,3.62,3.62,3.48,3.48,5200
19-Feb-13,3.39,3.61,3.24,3.40,10209
15-Feb-13,4.57,4.57,3.41,3.45,95852
14-Feb-13,4.49,4.49,4.25,4.26,800
13-Feb-13,4.57,4.57,4.48,4.50,6707
12-Feb-13,4.66,4.66,4.35,4.54,16784
11-Feb-13,4.75,4.84,4.66,4.66,19284
8-Feb-13,4.58,4.88,4.50,4.72,7511
7-Feb-13,4.53,4.53,4.31,4.44,3900
6-Feb-13,4.39,4.39,4.29,4.36,6793
5-Feb-13,4.39,4.39,4.21,4.38,1960
4-Feb-13,4.10,4.56,4.10,4.44,25452
1-Feb-13,4.15,4.25,4.10,4.25,2000
31-Jan-13,4.11,4.25,4.10,4.25,1123
30-Jan-13,4.28,4.28,4.16,4.17,3596
29-Jan-13,4.23,4.26,4.23,4.26,490
28-Jan-13,4.23,4.36,4.19,4.31,17208
25-Jan-13,4.48,4.48,4.17,4.17,19327
24-Jan-13,4.47,4.50,4.27,4.37,6171
23-Jan-13,4.58,4.74,4.29,4.50,19399
22-Jan-13,4.90,4.90,4.51,4.52,32711
18-Jan-13,5.36,5.45,4.58,4.87,100559
17-Jan-13,6.40,6.48,5.25,5.35,84307
16-Jan-13,5.25,6.28,5.25,6.08,170156
15-Jan-13,4.75,5.20,4.71,5.06,57900
14-Jan-13,4.50,4.82,4.37,4.70,17786
11-Jan-13,4.40,4.50,4.31,4.47,6797
10-Jan-13,4.29,4.50,4.29,4.39,9142
9-Jan-13,4.20,4.65,4.20,4.31,41158
8-Jan-13,4.18,4.26,4.11,4.26,20383
7-Jan-13,4.13,4.27,4.03,4.05,13840
4-Jan-13,4.35,4.37,4.10,4.21,10426
3-Jan-13,4.26,4.30,4.15,4.30,18427
2-Jan-13,4.75,4.85,4.25,4.33,24296
31-Dec-12,4.40,4.70,4.24,4.51,40151
28-Dec-12,4.83,4.83,4.10,4.32,62276
27-Dec-12,5.39,5.40,4.61,4.85,45950
26-Dec-12,5.72,5.76,4.95,5.25,73000
24-Dec-12,5.87,6.56,5.60,5.81,158967
21-Dec-12,5.97,6.20,5.28,5.70,80351
20-Dec-12,7.35,7.60,5.63,5.90,845149
19-Dec-12,5.46,8.20,4.71,8.19,479408
18-Dec-12,3.50,7.23,3.50,4.72,629687
17-Dec-12,4.60,4.98,3.45,3.50,29289
14-Dec-12,2.91,4.18,2.81,3.99,48780
13-Dec-12,2.84,2.84,2.84,2.84,25
7-Dec-12,2.56,2.56,2.56,2.56,25
6-Dec-12,2.28,2.28,2.28,2.28,150
4-Dec-12,2.38,2.38,2.24,2.24,50
3-Dec-12,2.96,2.96,2.79,2.80,275
30-Nov-12,2.96,2.96,2.40,2.40,225
29-Nov-12,3.00,3.00,2.38,3.00,1115
28-Nov-12,2.04,2.04,1.76,1.76,294
21-Nov-12,2.20,2.20,2.20,2.20,512
20-Nov-12,1.88,2.20,1.48,2.20,1149
19-Nov-12,-,-,-,2.04,0
16-Nov-12,-,-,-,2.04,0
15-Nov-12,2.20,2.20,2.04,2.04,783
14-Nov-12,-,-,-,2.28,0
13-Nov-12,-,-,-,2.28,0
12-Nov-12,-,-,-,2.28,0
9-Nov-12,-,-,-,2.44,0
8-Nov-12,2.40,2.40,2.40,2.40,126
7-Nov-12,-,-,-,2.44,0
6-Nov-12,-,-,-,2.44,0
5-Nov-12,-,-,-,2.40,0
2-Nov-12,-,-,-,2.40,0
1-Nov-12,-,-,-,2.40,0
31-Oct-12,-,-,-,2.40,0
26-Oct-12,-,-,-,2.40,0
25-Oct-12,2.40,2.40,2.40,2.40,50
24-Oct-12,-,-,-,2.80,0
23-Oct-12,2.56,2.80,2.56,2.80,2112
22-Oct-12,2.00,2.32,2.00,2.32,2600
19-Oct-12,-,-,-,2.12,0
18-Oct-12,-,-,-,2.12,0
17-Oct-12,2.12,2.12,2.12,2.12,25
16-Oct-12,2.08,2.08,2.08,2.08,49
15-Oct-12,2.20,2.28,2.17,2.17,1050
12-Oct-12,2.24,2.24,2.24,2.24,25
11-Oct-12,-,-,-,1.72,0
10-Oct-12,1.78,2.18,1.64,1.64,700
9-Oct-12,-,-,-,1.83,0
8-Oct-12,-,-,-,1.83,0
5-Oct-12,-,-,-,1.83,0
4-Oct-12,-,-,-,1.83,0
3-Oct-12,-,-,-,1.83,0
2-Oct-12,-,-,-,1.83,0
1-Oct-12,-,-,-,1.83,0
28-Sep-12,-,-,-,1.83,0
27-Sep-12,-,-,-,1.83,0
26-Sep-12,-,-,-,1.83,0
25-Sep-12,-,-,-,1.83,0
24-Sep-12,-,-,-,1.83,0
21-Sep-12,1.83,2.16,1.83,2.16,75
20-Sep-12,1.64,1.64,1.64,1.64,366
19-Sep-12,1.65,1.87,1.65,1.87,250
18-Sep-12,-,-,-,1.96,0
17-Sep-12,1.88,1.96,1.88,1.96,325
14-Sep-12,-,-,-,2.12,0
13-Sep-12,2.00,2.00,2.00,2.00,125
12-Sep-12,-,-,-,2.12,0
11-Sep-12,-,-,-,2.12,0
10-Sep-12,1.73,2.12,1.72,2.12,225
7-Sep-12,1.96,1.96,1.96,1.96,1198
6-Sep-12,-,-,-,2.00,0
5-Sep-12,-,-,-,2.00,0
4-Sep-12,-,-,-,2.00,0
31-Aug-12,-,-,-,2.00,0
30-Aug-12,-,-,-,2.00,0
29-Aug-12,-,-,-,2.00,0
28-Aug-12,-,-,-,2.00,0
27-Aug-12,-,-,-,2.00,0
24-Aug-12,-,-,-,2.00,0
23-Aug-12,-,-,-,2.00,0
22-Aug-12,-,-,-,2.00,0
21-Aug-12,-,-,-,2.00,0
20-Aug-12,-,-,-,2.00,0
17-Aug-12,-,-,-,2.00,0
16-Aug-12,-,-,-,2.00,0
15-Aug-12,2.00,2.00,2.00,2.00,126
14-Aug-12,-,-,-,2.00,0
13-Aug-12,2.00,2.00,2.00,2.00,1196
10-Aug-12,2.22,2.22,2.00,2.00,5544
9-Aug-12,2.24,2.32,2.24,2.28,5938
8-Aug-12,2.36,2.36,2.36,2.36,1000
7-Aug-12,2.35,2.35,2.35,2.35,125
6-Aug-12,-,-,-,2.24,0
3-Aug-12,2.44,2.44,2.24,2.36,100
2-Aug-12,-,-,-,2.36,0
1-Aug-12,-,-,-,2.36,0
31-Jul-12,2.32,2.51,2.22,2.36,1446
30-Jul-12,-,-,-,2.40,0
27-Jul-12,-,-,-,2.40,0
26-Jul-12,2.40,2.48,2.40,2.48,106
25-Jul-12,2.75,2.75,2.20,2.50,2496
24-Jul-12,2.70,2.96,2.44,2.68,12526
23-Jul-12,2.82,3.00,2.70,2.85,593
20-Jul-12,2.92,3.20,2.80,3.00,2325
19-Jul-12,2.81,2.81,2.69,2.69,1207
18-Jul-12,2.89,2.89,2.69,2.69,625
17-Jul-12,-,-,-,3.04,0
16-Jul-12,-,-,-,3.04,0
13-Jul-12,-,-,-,3.04,0
12-Jul-12,3.04,3.04,3.04,3.04,304
11-Jul-12,3.04,3.40,3.04,3.40,70
10-Jul-12,-,-,-,3.60,0
9-Jul-12,-,-,-,3.60,0
6-Jul-12,2.57,4.00,2.57,3.60,1638
5-Jul-12,-,-,-,3.20,0
3-Jul-12,-,-,-,3.20,0
2-Jul-12,-,-,-,3.20,0
29-Jun-12,3.20,3.20,3.20,3.20,175
28-Jun-12,-,-,-,2.84,0
27-Jun-12,2.88,3.16,2.76,2.76,243
26-Jun-12,-,-,-,3.50,0
25-Jun-12,-,-,-,3.50,0
22-Jun-12,-,-,-,3.50,0
21-Jun-12,-,-,-,3.50,0
20-Jun-12,-,-,-,3.50,0
19-Jun-12,-,-,-,3.50,0
18-Jun-12,-,-,-,3.50,0
15-Jun-12,-,-,-,3.50,0
14-Jun-12,-,-,-,3.50,0
13-Jun-12,-,-,-,3.50,0
12-Jun-12,2.72,3.52,2.72,3.46,295
11-Jun-12,2.76,3.40,2.68,3.40,1679
8-Jun-12,2.72,2.72,2.72,2.72,100
7-Jun-12,-,-,-,3.04,0
6-Jun-12,-,-,-,3.04,0
5-Jun-12,2.40,3.08,2.40,3.04,156
4-Jun-12,-,-,-,3.11,0
1-Jun-12,-,-,-,3.11,0
31-May-12,2.84,3.11,2.44,2.56,1200
30-May-12,2.84,2.84,2.84,2.84,81
29-May-12,2.84,2.84,2.84,2.84,240
25-May-12,2.85,3.09,2.84,3.04,332
24-May-12,2.84,3.06,2.84,3.06,473
23-May-12,3.20,3.20,3.20,3.20,50
22-May-12,2.84,3.36,2.84,3.32,215
21-May-12,-,-,-,2.84,0
18-May-12,2.84,2.84,2.84,2.84,25
17-May-12,2.92,2.92,2.84,2.84,202
16-May-12,-,-,-,3.64,0
15-May-12,-,-,-,3.04,0
14-May-12,-,-,-,3.04,0
11-May-12,-,-,-,3.04,0
10-May-12,2.89,3.04,2.88,3.04,225
9-May-12,-,-,-,2.88,0
8-May-12,2.88,2.88,2.88,2.88,500
7-May-12,3.44,3.44,3.44,3.44,315
4-May-12,3.48,3.48,3.48,3.48,175
3-May-12,-,-,-,3.76,0
2-May-12,-,-,-,3.76,0
1-May-12,3.00,3.76,3.00,3.76,734
30-Apr-12,-,-,-,3.68,0
27-Apr-12,-,-,-,3.68,0
26-Apr-12,-,-,-,3.68,0
25-Apr-12,-,-,-,3.68,0
24-Apr-12,-,-,-,3.68,0
23-Apr-12,-,-,-,3.68,0
20-Apr-12,3.20,3.20,3.20,3.20,75
19-Apr-12,3.40,3.68,3.40,3.68,800
18-Apr-12,-,-,-,4.00,0
17-Apr-12,-,-,-,4.00,0
16-Apr-12,-,-,-,4.00,0
13-Apr-12,-,-,-,4.00,0
12-Apr-12,-,-,-,4.00,0
11-Apr-12,-,-,-,4.00,0
10-Apr-12,4.04,4.04,3.61,3.61,262
9-Apr-12,4.04,4.04,4.04,4.04,25
5-Apr-12,4.20,4.20,4.00,4.16,125
4-Apr-12,4.20,4.20,4.00,4.00,75
3-Apr-12,4.00,4.20,4.00,4.20,387
2-Apr-12,4.00,4.00,4.00,4.00,250
30-Mar-12,4.00,4.00,4.00,4.00,175
29-Mar-12,4.60,4.60,3.92,4.00,7925
28-Mar-12,4.43,4.43,4.00,4.00,2050
27-Mar-12,4.24,4.40,4.24,4.40,75
26-Mar-12,4.32,4.32,4.16,4.20,375
23-Mar-12,4.64,4.68,4.12,4.20,1012
22-Mar-12,4.12,4.64,4.08,4.64,537
21-Mar-12,4.12,4.12,4.12,4.12,50
20-Mar-12,-,-,-,3.86,0
19-Mar-12,4.48,4.60,3.92,4.24,2962
16-Mar-12,4.48,4.76,4.48,4.76,2298
15-Mar-12,4.48,4.48,4.00,4.48,300
14-Mar-12,3.88,4.68,3.88,4.48,3668
13-Mar-12,3.84,3.84,3.84,3.84,25
12-Mar-12,3.56,4.84,3.56,3.56,4202
9-Mar-12,3.80,3.84,3.40,3.40,675
8-Mar-12,-,-,-,3.60,0
7-Mar-12,-,-,-,3.60,0
6-Mar-12,3.46,3.64,3.40,3.40,7450
5-Mar-12,3.80,3.84,3.44,3.44,100
2-Mar-12,3.40,3.56,3.40,3.56,175
1-Mar-12,-,-,-,2.98,0
29-Feb-12,2.98,3.84,2.98,3.56,291
28-Feb-12,-,-,-,3.00,0
27-Feb-12,3.04,3.04,3.00,3.04,2300
24-Feb-12,3.00,3.00,2.96,2.96,75
23-Feb-12,3.40,3.40,3.00,3.00,491
22-Feb-12,-,-,-,3.60,0
21-Feb-12,3.48,3.72,3.48,3.60,5240
17-Feb-12,3.20,3.20,3.20,3.20,1425
16-Feb-12,3.04,3.04,3.00,3.04,219
15-Feb-12,3.04,3.04,3.04,3.04,250
14-Feb-12,-,-,-,2.92,0
13-Feb-12,-,-,-,2.92,0
10-Feb-12,3.04,3.04,3.04,3.04,25
9-Feb-12,2.92,2.92,2.84,2.84,250
6-Feb-12,3.00,3.20,3.00,3.00,230
3-Feb-12,3.48,3.48,3.48,3.48,250
2-Feb-12,2.84,3.40,2.84,3.40,200
1-Feb-12,-,-,-,3.08,0
30-Jan-12,3.44,3.44,3.44,3.44,275
27-Jan-12,2.84,3.32,2.84,3.32,1083
26-Jan-12,3.20,3.20,3.20,3.20,75
23-Jan-12,-,-,-,3.05,0
20-Jan-12,3.00,3.00,3.00,3.00,184
19-Jan-12,2.89,3.12,2.89,3.12,450
18-Jan-12,2.94,3.43,2.94,3.43,4525
17-Jan-12,2.88,2.88,2.88,2.88,250
12-Jan-12,2.89,3.07,2.88,3.05,579
11-Jan-12,3.28,3.28,3.28,3.28,25
10-Jan-12,3.12,3.12,2.96,2.99,425
9-Jan-12,2.96,2.96,2.84,2.90,3648
6-Jan-12,3.60,3.60,3.16,3.20,316
5-Jan-12,3.36,3.36,3.36,3.36,25
4-Jan-12,3.12,3.76,3.12,3.76,352
3-Jan-12,3.96,3.96,3.36,3.56,902
30-Dec-11,3.94,4.00,3.94,4.00,150
29-Dec-11,4.20,4.20,3.08,3.08,2645
28-Dec-11,2.96,4.12,2.96,4.00,17451
27-Dec-11,2.64,3.00,2.40,2.90,2050
23-Dec-11,2.80,2.80,2.80,2.80,125
22-Dec-11,2.64,2.80,2.64,2.80,850
21-Dec-11,-,-,-,2.64,0
20-Dec-11,2.72,2.72,2.60,2.72,450
19-Dec-11,2.60,2.88,2.60,2.88,762
15-Dec-11,2.49,2.88,2.41,2.88,3100
13-Dec-11,3.03,3.03,3.03,3.03,125
8-Dec-11,3.04,3.04,2.72,3.04,325
7-Dec-11,2.80,3.16,2.64,3.16,82
6-Dec-11,2.80,3.20,2.76,3.08,1118
5-Dec-11,3.12,3.12,2.80,3.04,428
2-Dec-11,2.84,3.12,2.84,3.12,50
1-Dec-11,3.24,3.60,2.32,2.84,11370
30-Nov-11,4.48,4.48,3.56,4.05,2993
29-Nov-11,4.44,4.44,4.44,4.44,157
28-Nov-11,4.32,4.32,4.32,4.32,162
21-Nov-11,4.48,4.48,4.48,4.48,162
16-Nov-11,4.32,4.32,4.32,4.32,84
11-Nov-11,4.48,4.48,4.48,4.48,84
9-Nov-11,4.56,4.60,4.40,4.40,492
3-Nov-11,4.48,4.48,4.48,4.48,300
2-Nov-11,4.48,4.48,4.48,4.48,75
1-Nov-11,4.44,4.44,4.44,4.44,75
31-Oct-11,5.08,5.08,5.08,5.08,25
28-Oct-11,4.72,4.72,4.72,4.72,175
27-Oct-11,4.56,4.60,4.56,4.60,1198
26-Oct-11,4.44,4.54,4.44,4.54,250
24-Oct-11,4.64,4.64,4.32,4.32,1000
18-Oct-11,5.04,5.08,5.04,5.08,500
6-Oct-11,4.72,5.08,4.72,5.08,441
4-Oct-11,4.68,4.68,4.68,4.68,25
3-Oct-11,4.44,4.76,4.40,4.40,732
30-Sep-11,4.92,4.92,4.44,4.44,150
29-Sep-11,4.80,4.80,4.80,4.80,50
27-Sep-11,5.44,5.44,5.20,5.20,728
26-Sep-11,5.12,5.52,4.92,5.32,572
23-Sep-11,5.56,5.56,5.56,5.56,163
21-Sep-11,5.20,5.20,5.20,5.20,25
20-Sep-11,5.00,5.16,4.88,4.92,824
19-Sep-11,5.00,5.48,4.80,5.48,1200
16-Sep-11,5.20,5.20,4.96,5.20,990
15-Sep-11,5.32,5.32,5.24,5.32,1664
14-Sep-11,5.28,5.60,5.28,5.60,610
13-Sep-11,5.24,5.28,5.24,5.28,105
12-Sep-11,5.32,5.36,5.24,5.36,825
9-Sep-11,5.80,5.80,5.80,5.80,305
8-Sep-11,5.96,5.96,5.80,5.80,112
7-Sep-11,5.84,6.00,5.84,6.00,325
6-Sep-11,5.44,5.94,5.04,5.44,1238
2-Sep-11,5.60,6.04,5.44,5.44,807
1-Sep-11,6.60,6.60,5.48,5.68,2826
31-Aug-11,6.56,6.80,6.08,6.40,6182
30-Aug-11,6.76,7.68,6.04,6.08,16853
29-Aug-11,7.08,7.20,6.20,6.44,8645
26-Aug-11,7.52,7.80,7.02,7.64,864
25-Aug-11,7.36,7.36,6.88,7.36,401
24-Aug-11,7.52,7.52,7.52,7.52,25
23-Aug-11,7.84,7.84,7.56,7.56,175
22-Aug-11,7.16,7.80,7.16,7.52,942
19-Aug-11,6.96,7.84,6.84,7.84,356
18-Aug-11,7.00,7.04,7.00,7.00,395
17-Aug-11,7.68,7.84,7.52,7.52,4232
16-Aug-11,7.96,7.96,7.68,7.68,1486
15-Aug-11,8.52,8.52,7.64,7.64,100
12-Aug-11,8.28,8.72,8.28,8.28,112
11-Aug-11,8.92,8.96,8.92,8.96,125
10-Aug-11,9.16,9.16,9.16,9.16,167
9-Aug-11,8.20,8.96,7.08,8.96,3826
8-Aug-11,8.24,8.44,8.20,8.20,2104
5-Aug-11,8.84,8.84,8.24,8.28,541
4-Aug-11,9.36,9.36,8.84,8.84,193
3-Aug-11,9.32,10.12,9.28,9.28,739
2-Aug-11,9.88,10.12,9.72,10.08,764
1-Aug-11,10.04,10.04,9.96,9.96,200
29-Jul-11,10.04,10.68,9.96,9.96,925
28-Jul-11,10.76,10.76,9.48,9.96,1106
27-Jul-11,10.09,11.08,10.09,10.44,120
26-Jul-11,10.83,10.83,10.56,10.56,777
25-Jul-11,11.16,11.16,9.92,10.36,2872
22-Jul-11,10.76,11.20,10.76,10.92,1525
21-Jul-11,10.60,10.92,9.60,10.64,1702
20-Jul-11,10.32,11.00,9.80,10.52,1622
19-Jul-11,9.40,11.60,9.36,10.52,1082
18-Jul-11,9.21,9.36,9.21,9.36,50
15-Jul-11,9.00,9.80,9.00,9.56,700
14-Jul-11,9.40,9.72,9.40,9.72,175
13-Jul-11,9.24,9.36,9.16,9.27,1369
12-Jul-11,9.80,9.80,9.64,9.80,150
11-Jul-11,9.20,10.00,9.20,9.48,2750
8-Jul-11,9.20,9.32,8.88,9.08,1075
7-Jul-11,9.80,10.00,9.20,10.00,3742
6-Jul-11,9.96,10.04,9.44,9.84,1228
5-Jul-11,9.36,10.72,9.32,10.00,817
1-Jul-11,9.92,10.76,9.12,9.38,6091
30-Jun-11,9.68,9.96,9.60,9.76,275
29-Jun-11,9.00,10.36,8.84,9.40,11570
28-Jun-11,8.00,9.96,8.00,9.00,13143
27-Jun-11,7.60,8.24,7.60,7.98,1616
24-Jun-11,7.56,8.16,7.56,8.00,481
23-Jun-11,7.96,7.96,7.56,7.60,3700
22-Jun-11,8.20,8.20,7.96,7.98,750
21-Jun-11,8.28,8.28,8.09,8.24,348
20-Jun-11,7.64,7.72,7.64,7.68,687
17-Jun-11,8.00,8.08,7.64,7.68,355
16-Jun-11,8.00,8.08,7.72,7.72,1530
15-Jun-11,8.00,8.76,7.84,7.84,8640
14-Jun-11,8.52,8.60,8.00,8.44,2646
13-Jun-11,7.96,9.56,7.96,8.72,5732
10-Jun-11,8.64,9.84,7.96,7.96,3528
9-Jun-11,7.80,9.84,7.64,9.50,3425
8-Jun-11,8.80,8.80,7.24,7.84,932
7-Jun-11,8.60,8.96,8.60,8.80,1257
6-Jun-11,9.33,9.68,8.88,8.88,1399
3-Jun-11,10.92,10.92,9.24,9.56,4414
2-Jun-11,11.76,11.80,11.16,11.48,3667
1-Jun-11,11.76,11.96,11.68,11.76,1098
31-May-11,11.76,11.82,11.76,11.82,993
27-May-11,12.00,12.00,11.68,11.80,250
26-May-11,11.64,12.00,11.64,11.96,4164
25-May-11,11.32,11.88,10.90,11.36,2965
24-May-11,11.32,11.96,11.32,11.92,1881
23-May-11,11.84,12.00,11.58,11.58,1050
20-May-11,11.80,11.80,11.80,11.80,75
19-May-11,11.84,12.12,11.72,11.88,1219
18-May-11,11.24,12.20,11.24,11.92,1075
17-May-11,11.18,11.18,11.18,11.18,250
16-May-11,11.44,11.76,11.21,11.56,3201
13-May-11,12.44,12.44,11.28,12.00,3713
12-May-11,12.52,12.52,11.96,12.28,1246
11-May-11,12.40,12.72,12.26,12.40,1224
10-May-11,12.52,12.52,12.46,12.46,388
9-May-11,12.56,12.60,12.00,12.56,312
6-May-11,12.12,12.60,12.12,12.60,1910
5-May-11,11.44,12.56,11.44,12.28,2376
4-May-11,11.32,11.60,11.00,11.60,4513
3-May-11,11.88,12.64,11.24,11.40,3388
2-May-11,13.24,13.24,10.44,11.84,10253
29-Apr-11,13.16,13.40,13.04,13.04,575
28-Apr-11,13.32,13.52,13.20,13.20,3325
27-Apr-11,13.80,13.80,12.64,13.16,6902
26-Apr-11,13.64,14.24,13.56,13.56,9084
25-Apr-11,12.80,14.00,12.80,13.44,4994
21-Apr-11,12.80,12.80,12.80,12.80,75
20-Apr-11,13.00,13.16,12.80,12.80,1648
19-Apr-11,12.96,13.00,12.68,12.72,2579
18-Apr-11,12.80,12.80,12.32,12.76,990
15-Apr-11,11.04,12.96,10.44,12.96,6247
14-Apr-11,11.40,11.48,11.00,11.12,4797
13-Apr-11,12.36,12.36,11.16,11.56,3512
12-Apr-11,13.00,13.00,11.72,12.16,5801
11-Apr-11,12.40,12.56,11.60,12.24,4486
8-Apr-11,12.92,12.92,12.08,12.40,8940
7-Apr-11,13.08,13.08,11.60,11.84,7569
6-Apr-11,14.68,14.68,12.00,12.64,11768
5-Apr-11,12.28,14.24,12.28,14.08,18743
4-Apr-11,11.40,12.80,10.88,12.20,13820
1-Apr-11,10.92,11.72,10.92,11.40,22294
31-Mar-11,9.48,10.72,9.40,10.72,12097
30-Mar-11,8.92,9.92,8.92,9.44,9930
29-Mar-11,9.00,9.00,8.48,8.96,1978
28-Mar-11,9.44,9.44,8.84,8.96,2486
25-Mar-11,8.88,9.16,8.88,9.04,1673
24-Mar-11,9.44,9.44,8.32,8.88,1556
23-Mar-11,8.52,9.56,8.24,9.56,18551
22-Mar-11,7.64,10.16,7.64,9.56,37564
21-Mar-11,7.08,7.52,7.00,7.52,2750
17-Mar-11,7.24,7.28,7.00,7.00,925
16-Mar-11,6.88,6.92,6.56,6.92,125
15-Mar-11,7.00,7.00,6.48,7.00,1250
14-Mar-11,7.00,7.00,6.88,7.00,1670
11-Mar-11,6.84,7.00,6.84,6.96,550
10-Mar-11,7.00,7.00,6.93,6.93,692
9-Mar-11,6.84,7.28,6.84,7.00,1500
7-Mar-11,6.84,6.98,6.84,6.96,1561
4-Mar-11,7.04,7.04,6.88,6.88,424
3-Mar-11,6.80,7.00,6.80,6.88,2834
2-Mar-11,6.56,6.94,6.56,6.80,1595
1-Mar-11,6.52,6.88,6.28,6.28,1710
28-Feb-11,6.64,6.68,6.24,6.52,1969
25-Feb-11,7.28,7.28,6.68,7.00,2629
24-Feb-11,6.96,7.20,6.70,7.20,1228
22-Feb-11,6.60,7.00,6.60,6.68,860
18-Feb-11,6.76,7.00,6.64,6.64,3705
17-Feb-11,6.96,7.36,6.88,6.96,1118
16-Feb-11,7.00,7.00,6.80,6.92,3075
15-Feb-11,6.76,7.28,6.76,7.28,4738
14-Feb-11,6.96,7.96,6.80,6.96,12055
11-Feb-11,6.76,6.96,6.60,6.96,5021
10-Feb-11,5.88,6.76,5.88,6.40,7036
9-Feb-11,5.84,5.84,5.54,5.80,657
8-Feb-11,5.88,6.08,5.88,6.08,75
7-Feb-11,6.04,6.16,6.00,6.12,1542
4-Feb-11,5.44,6.12,5.44,6.12,2442
3-Feb-11,5.72,5.72,5.44,5.44,816
2-Feb-11,6.24,6.24,5.80,5.80,8539
1-Feb-11,6.36,6.48,6.08,6.24,1424
31-Jan-11,6.00,6.40,5.84,6.40,3718
28-Jan-11,5.88,5.92,5.84,5.88,450
27-Jan-11,5.88,6.24,5.80,5.84,4825
26-Jan-11,5.80,5.80,5.80,5.80,150
25-Jan-11,5.76,6.12,5.76,6.12,200
24-Jan-11,5.88,6.12,5.60,6.00,2912
21-Jan-11,5.72,6.04,5.72,6.00,1449
20-Jan-11,6.20,6.20,5.80,6.00,2500
19-Jan-11,6.64,6.64,6.28,6.36,1769
18-Jan-11,6.96,6.96,6.80,6.80,1189
14-Jan-11,6.68,6.68,6.68,6.68,25
13-Jan-11,6.28,6.72,6.28,6.40,650
11-Jan-11,6.40,6.80,6.36,6.76,1850
10-Jan-11,6.52,6.82,6.44,6.46,1470
7-Jan-11,-,-,-,7.12,0
6-Jan-11,7.04,7.04,6.48,6.80,764
5-Jan-11,7.16,7.16,6.72,6.72,125
4-Jan-11,6.68,6.68,6.68,6.68,1092
3-Jan-11,6.56,6.88,6.24,6.68,874
31-Dec-10,5.96,6.60,5.92,6.60,925
30-Dec-10,6.04,6.16,5.92,5.96,2812
29-Dec-10,6.20,7.08,5.92,5.96,2549
28-Dec-10,5.60,6.24,5.60,5.92,2216
27-Dec-10,5.64,5.84,5.40,5.84,327
23-Dec-10,5.56,5.92,5.56,5.88,2436
22-Dec-10,5.60,5.60,5.08,5.40,3168
21-Dec-10,5.48,5.60,5.40,5.40,370
20-Dec-10,5.92,5.92,5.28,5.48,5761
17-Dec-10,5.88,5.88,5.60,5.76,2704
16-Dec-10,6.48,6.48,5.84,6.00,3805
15-Dec-10,6.40,6.40,6.40,6.40,25
14-Dec-10,6.44,6.44,6.40,6.40,340
13-Dec-10,6.28,6.44,6.24,6.36,1374
10-Dec-10,6.32,6.96,6.28,6.96,250
9-Dec-10,6.56,6.67,6.56,6.67,75
8-Dec-10,7.20,7.20,6.60,6.80,1116
6-Dec-10,6.68,7.32,6.68,7.08,550
3-Dec-10,6.52,6.68,6.52,6.68,368
2-Dec-10,5.80,6.56,5.72,6.56,2449
1-Dec-10,5.80,5.84,5.80,5.80,600
30-Nov-10,5.92,5.92,5.68,5.88,2025
29-Nov-10,5.64,6.00,5.64,6.00,7100
26-Nov-10,6.24,6.24,6.24,6.24,50
24-Nov-10,6.56,6.56,6.08,6.28,1765
23-Nov-10,6.28,6.48,6.28,6.48,289
22-Nov-10,6.24,6.48,6.16,6.24,3210
19-Nov-10,6.64,6.72,5.84,6.24,5695
18-Nov-10,6.44,6.72,6.44,6.72,1674
17-Nov-10,6.80,6.96,6.52,6.76,7018
16-Nov-10,7.24,7.76,6.80,7.12,1452
15-Nov-10,7.40,7.46,7.40,7.44,930
12-Nov-10,7.96,7.96,7.36,7.36,1653
11-Nov-10,8.20,8.20,7.60,7.84,6235
10-Nov-10,8.16,8.40,7.92,8.16,4961
9-Nov-10,7.60,9.04,7.60,7.88,31684
8-Nov-10,7.36,7.72,7.32,7.56,7120
5-Nov-10,7.36,7.36,7.16,7.32,325
4-Nov-10,6.84,7.32,6.84,7.12,3088
3-Nov-10,7.16,7.36,7.04,7.20,2020
2-Nov-10,8.24,8.24,6.96,7.36,16866
1-Nov-10,9.12,9.16,8.20,8.36,9715
29-Oct-10,8.88,8.88,7.72,8.08,4890
28-Oct-10,7.76,9.16,7.60,7.80,17994
27-Oct-10,7.56,7.92,7.32,7.84,4975
26-Oct-10,7.36,7.60,6.88,7.56,8876
25-Oct-10,7.32,8.12,7.20,7.52,8108
22-Oct-10,7.16,8.80,6.76,7.40,57352
21-Oct-10,6.84,7.12,6.76,6.96,5619
20-Oct-10,7.16,7.80,6.84,6.84,9553
19-Oct-10,8.52,8.52,7.20,7.52,10094
18-Oct-10,9.20,9.20,7.32,7.80,16252
15-Oct-10,9.32,9.32,9.08,9.32,1488
14-Oct-10,9.44,9.80,8.96,9.28,3124
13-Oct-10,9.12,10.12,9.12,9.32,18192
12-Oct-10,11.52,11.60,8.84,9.36,29617
11-Oct-10,12.56,12.60,11.32,11.72,21800
8-Oct-10,12.28,12.40,12.04,12.40,8232
7-Oct-10,11.96,12.26,11.88,12.20,11461
6-Oct-10,11.88,12.28,11.84,11.84,4946
5-Oct-10,12.08,12.08,11.24,11.76,8525
4-Oct-10,12.28,12.28,11.84,12.08,2588
1-Oct-10,11.92,12.28,11.64,12.28,5849
30-Sep-10,12.14,12.36,11.40,11.56,6920
29-Sep-10,10.36,12.00,10.20,11.84,30971
28-Sep-10,11.04,11.04,10.20,10.20,4924
27-Sep-10,12.12,12.12,9.76,11.04,17370
24-Sep-10,13.28,13.52,12.28,12.32,23930
23-Sep-10,12.40,13.52,12.00,13.20,14995
22-Sep-10,12.00,12.76,11.88,12.44,24052
21-Sep-10,10.12,11.84,9.88,11.84,12179
20-Sep-10,9.20,10.12,9.16,9.96,8458
17-Sep-10,9.04,9.20,9.04,9.20,3418
16-Sep-10,9.16,9.16,9.00,9.00,875
15-Sep-10,9.04,9.16,9.00,9.16,5913
14-Sep-10,8.96,9.20,8.60,9.04,9392
13-Sep-10,8.40,9.60,8.36,9.12,12178
10-Sep-10,8.24,8.40,8.08,8.33,1389
9-Sep-10,7.96,8.44,7.24,8.08,6700
8-Sep-10,7.92,8.28,7.80,7.84,7480
7-Sep-10,7.56,7.96,7.32,7.76,6827
3-Sep-10,7.00,7.72,6.80,7.56,9621
2-Sep-10,6.40,6.96,6.40,6.96,2398
1-Sep-10,5.84,6.40,5.64,6.40,4054
31-Aug-10,5.64,6.00,5.64,5.88,6738
30-Aug-10,5.88,5.92,5.68,5.88,9654
27-Aug-10,5.48,5.88,5.48,5.88,2924
26-Aug-10,5.24,5.68,4.96,5.64,6149
25-Aug-10,5.52,5.56,5.32,5.40,1225
24-Aug-10,5.20,5.60,5.20,5.60,375
23-Aug-10,5.68,5.72,5.52,5.52,126
20-Aug-10,-,-,-,5.52,0
19-Aug-10,5.12,5.52,5.08,5.52,275
18-Aug-10,5.80,5.80,5.04,5.44,2400
17-Aug-10,5.60,5.92,5.32,5.68,2492
16-Aug-10,4.92,5.68,4.92,5.60,12014
13-Aug-10,4.92,5.20,4.60,5.20,2638
12-Aug-10,5.20,5.20,4.48,5.00,8662
11-Aug-10,5.32,6.76,4.84,5.20,50182
10-Aug-10,4.40,4.52,4.36,4.36,1070
9-Aug-10,4.28,4.52,4.08,4.08,688
6-Aug-10,4.28,4.28,4.28,4.28,112
5-Aug-10,4.16,4.52,4.16,4.52,3348
4-Aug-10,-,-,-,4.22,0
3-Aug-10,-,-,-,4.22,0
2-Aug-10,3.48,4.40,3.48,4.22,288
30-Jul-10,3.88,4.08,3.84,4.08,192
29-Jul-10,4.04,4.04,4.00,4.00,225
28-Jul-10,4.24,4.24,4.24,4.24,25
27-Jul-10,4.24,4.28,4.04,4.04,5838
26-Jul-10,4.28,4.32,4.28,4.32,670
23-Jul-10,4.00,4.28,4.00,4.28,2412
22-Jul-10,3.88,4.08,3.88,4.00,3860
21-Jul-10,3.92,4.08,3.92,4.08,2174
20-Jul-10,3.60,4.24,3.60,3.96,10740
19-Jul-10,3.68,3.68,3.68,3.68,25
16-Jul-10,3.34,3.56,3.34,3.48,5969
15-Jul-10,-,-,-,3.34,0
14-Jul-10,3.32,3.34,3.32,3.34,190
13-Jul-10,-,-,-,3.32,0
12-Jul-10,-,-,-,3.32,0
9-Jul-10,3.28,3.32,3.28,3.32,250
8-Jul-10,3.32,3.32,3.32,3.32,25
7-Jul-10,3.08,3.24,2.96,3.20,1842
6-Jul-10,3.60,3.72,2.06,3.08,12071
2-Jul-10,3.24,3.72,3.24,3.72,50
1-Jul-10,3.32,3.80,3.24,3.80,1885
30-Jun-10,3.60,3.88,3.32,3.88,2251
29-Jun-10,3.60,3.88,3.60,3.84,90
28-Jun-10,-,-,-,3.92,0
25-Jun-10,3.88,3.92,3.88,3.92,76
24-Jun-10,-,-,-,3.92,0
23-Jun-10,3.64,3.92,3.64,3.92,50
22-Jun-10,3.92,3.92,3.92,3.92,25
21-Jun-10,3.69,3.88,3.68,3.88,292
18-Jun-10,3.64,3.96,3.60,3.96,3119
17-Jun-10,3.72,4.00,3.60,3.84,5148
16-Jun-10,4.12,4.12,3.68,3.72,8914
15-Jun-10,4.36,4.84,4.08,4.32,25489
14-Jun-10,4.28,4.64,4.28,4.64,175
11-Jun-10,4.52,4.52,4.52,4.52,108
10-Jun-10,4.52,4.76,4.44,4.76,1458
9-Jun-10,4.48,4.76,4.48,4.76,127
8-Jun-10,4.60,4.72,4.60,4.72,650
7-Jun-10,4.76,4.76,4.64,4.72,513
4-Jun-10,-,-,-,4.92,0
3-Jun-10,-,-,-,4.92,0
2-Jun-10,4.92,4.92,4.92,4.92,25
1-Jun-10,4.84,4.84,4.64,4.84,75
28-May-10,4.52,4.92,4.52,4.92,475
27-May-10,4.96,4.96,4.64,4.92,1300
26-May-10,4.96,4.96,4.56,4.96,402
25-May-10,4.72,4.96,4.72,4.96,2790
24-May-10,4.80,4.92,4.68,4.92,1725
21-May-10,4.92,4.92,4.92,4.92,25
20-May-10,4.72,4.84,4.72,4.84,100
19-May-10,4.73,5.04,4.72,5.04,944
18-May-10,5.04,5.04,5.04,5.04,997
17-May-10,-,-,-,5.04,0
14-May-10,4.80,5.04,4.80,5.04,302
13-May-10,5.04,5.04,5.04,5.04,25
12-May-10,4.96,4.96,4.84,4.96,2450
11-May-10,4.72,5.08,4.72,5.08,2348
10-May-10,5.00,5.00,5.00,5.00,1248
7-May-10,4.92,5.04,4.92,5.04,75
6-May-10,4.96,5.12,4.92,5.08,475
5-May-10,5.08,5.20,5.00,5.20,4100
4-May-10,5.16,5.16,5.00,5.16,985
3-May-10,5.32,5.36,5.12,5.24,7862
30-Apr-10,5.12,5.32,5.04,5.32,75
29-Apr-10,5.08,5.36,5.08,5.36,525
28-Apr-10,5.24,5.28,5.04,5.28,2030
27-Apr-10,5.32,5.44,5.20,5.44,3981
26-Apr-10,5.36,5.64,5.16,5.44,3681
23-Apr-10,5.56,5.60,5.28,5.60,1615
22-Apr-10,5.32,5.48,5.32,5.48,247
21-Apr-10,5.16,5.32,5.16,5.32,495
20-Apr-10,5.48,5.64,5.28,5.64,105
19-Apr-10,5.28,5.56,5.24,5.56,2524
16-Apr-10,5.52,5.84,5.28,5.36,446
15-Apr-10,5.44,5.80,5.44,5.72,861
14-Apr-10,5.20,5.56,5.20,5.56,2192
13-Apr-10,5.36,5.48,5.36,5.48,350
12-Apr-10,5.40,5.56,5.40,5.56,908
9-Apr-10,-,-,-,5.64,0
8-Apr-10,5.60,5.64,5.52,5.64,1400
7-Apr-10,5.72,5.72,5.60,5.68,627
6-Apr-10,5.56,6.68,5.56,5.64,5981
5-Apr-10,5.50,5.60,5.32,5.56,215
31-Mar-10,5.52,5.52,5.52,5.52,25
30-Mar-10,5.52,5.52,5.20,5.52,175
29-Mar-10,5.32,5.48,5.24,5.48,575
26-Mar-10,5.04,5.32,5.04,5.32,1216
25-Mar-10,5.36,5.36,5.24,5.36,7550
24-Mar-10,5.36,5.36,5.36,5.36,25
23-Mar-10,5.36,5.36,5.36,5.36,25
22-Mar-10,5.56,5.56,5.20,5.40,225
19-Mar-10,5.76,5.76,5.60,5.60,611
18-Mar-10,5.68,5.84,5.40,5.80,1495
17-Mar-10,5.60,5.76,5.38,5.76,596
16-Mar-10,5.80,5.80,5.60,5.68,75
15-Mar-10,5.96,5.96,5.48,5.80,875
12-Mar-10,5.24,5.72,5.20,5.72,358
11-Mar-10,5.40,5.40,5.40,5.40,100
10-Mar-10,5.20,5.40,5.20,5.40,285
9-Mar-10,5.24,5.40,5.24,5.40,313
8-Mar-10,5.32,5.40,5.24,5.40,217
5-Mar-10,5.32,5.48,5.24,5.44,258
4-Mar-10,5.60,5.60,5.08,5.52,4316
3-Mar-10,5.60,5.60,5.40,5.60,242
2-Mar-10,5.48,5.80,5.24,5.76,1921
1-Mar-10,5.76,5.76,5.40,5.56,750
26-Feb-10,5.56,5.72,5.32,5.64,1394
25-Feb-10,5.32,5.40,5.20,5.40,644
24-Feb-10,5.48,5.60,5.28,5.52,2326
23-Feb-10,4.96,5.60,4.92,5.20,6920
22-Feb-10,4.92,5.00,4.84,5.00,2872
19-Feb-10,4.64,5.20,4.64,4.92,4596
18-Feb-10,4.52,5.28,4.52,5.20,2908
17-Feb-10,5.40,5.40,5.12,5.20,1950
16-Feb-10,5.60,5.60,5.20,5.52,4675
12-Feb-10,5.40,5.64,5.20,5.52,1375
11-Feb-10,5.00,5.32,4.92,5.32,567
10-Feb-10,4.96,5.40,4.80,5.40,2052
9-Feb-10,6.28,6.28,5.20,5.48,6422
8-Feb-10,4.80,7.00,4.80,5.60,26934
5-Feb-10,5.00,5.16,4.88,5.16,302
4-Feb-10,5.24,5.24,4.80,5.24,7511
3-Feb-10,5.24,5.24,4.80,5.00,3156
2-Feb-10,5.24,5.24,4.84,5.12,7172
1-Feb-10,5.00,5.16,5.00,5.16,553
29-Jan-10,4.80,5.00,4.80,5.00,307
28-Jan-10,5.24,5.32,5.00,5.16,4795
26-Jan-10,5.60,5.60,5.00,5.24,484
25-Jan-10,5.00,5.08,4.80,5.08,8675
22-Jan-10,5.00,5.04,5.00,5.00,2432
21-Jan-10,0.00,5.08,4.36,4.84,5455
20-Jan-10,4.80,4.80,4.48,4.48,4630
19-Jan-10,5.08,5.08,4.48,4.72,6544
15-Jan-10,5.08,5.16,4.80,5.12,1616
14-Jan-10,5.16,5.32,5.04,5.32,75
13-Jan-10,5.36,5.36,4.68,5.20,842
12-Jan-10,6.20,6.76,4.64,5.52,29483
11-Jan-10,1.08,1.36,1.05,1.05,48708
8-Jan-10,1.08,1.12,1.04,1.08,5760
7-Jan-10,1.12,1.16,1.04,1.16,8175
6-Jan-10,1.16,1.16,1.04,1.16,2500
5-Jan-10,1.08,1.12,1.00,1.00,23996
4-Jan-10,1.16,1.20,1.08,1.12,3010
31-Dec-09,1.20,1.20,1.08,1.13,2202
30-Dec-09,1.08,1.16,1.08,1.16,1834
29-Dec-09,1.12,1.20,1.08,1.20,2938
28-Dec-09,1.12,1.17,1.12,1.15,8634
24-Dec-09,1.20,1.20,1.12,1.16,19128
23-Dec-09,1.28,1.28,1.12,1.20,5238
22-Dec-09,1.20,1.28,1.12,1.28,10782
21-Dec-09,1.44,1.44,1.28,1.28,22282
18-Dec-09,1.16,1.56,1.16,1.44,242601
17-Dec-09,1.04,1.08,0.96,1.08,13801
16-Dec-09,0.96,1.08,0.96,1.08,23425
15-Dec-09,0.99,1.12,0.99,1.12,15498
14-Dec-09,0.84,1.00,0.84,0.98,12798
11-Dec-09,1.04,1.04,0.92,1.00,2975
10-Dec-09,1.08,1.08,1.04,1.08,225
9-Dec-09,1.12,1.12,1.04,1.12,1208
8-Dec-09,-,-,-,1.16,0
7-Dec-09,1.16,1.16,1.12,1.16,3448
4-Dec-09,1.12,1.24,1.12,1.20,1725
3-Dec-09,1.24,1.24,1.12,1.24,1850
2-Dec-09,1.12,1.26,1.12,1.24,222
1-Dec-09,1.24,1.28,1.16,1.28,4650
30-Nov-09,1.20,1.28,1.16,1.28,910
27-Nov-09,-,-,-,1.28,0
25-Nov-09,1.20,1.40,1.20,1.28,2433
24-Nov-09,1.24,1.32,1.20,1.28,6417
23-Nov-09,1.24,1.40,1.20,1.28,3437
20-Nov-09,1.24,1.32,1.24,1.32,318
19-Nov-09,1.40,1.40,1.20,1.36,28406
18-Nov-09,1.36,1.40,1.28,1.40,11994
17-Nov-09,1.38,1.40,1.36,1.40,4320
16-Nov-09,1.56,1.56,1.36,1.40,9682
13-Nov-09,1.46,1.56,1.44,1.48,903
12-Nov-09,-,-,-,1.55,0
11-Nov-09,1.56,1.56,1.45,1.55,4225
10-Nov-09,1.44,1.56,1.44,1.56,66
9-Nov-09,1.45,1.56,1.45,1.56,575
6-Nov-09,1.52,1.56,1.52,1.56,7444
5-Nov-09,-,-,-,1.55,0
4-Nov-09,1.45,1.55,1.44,1.55,3944
3-Nov-09,1.56,1.56,1.44,1.56,4025
2-Nov-09,1.48,1.52,1.48,1.52,200
30-Oct-09,1.48,1.56,1.44,1.56,1900
29-Oct-09,1.52,1.56,1.52,1.56,4199
28-Oct-09,1.48,1.56,1.48,1.56,1731
27-Oct-09,1.49,1.64,1.48,1.60,4131
26-Oct-09,1.49,1.64,1.49,1.60,402
23-Oct-09,1.52,1.72,1.48,1.48,21488
22-Oct-09,1.60,2.08,1.41,1.60,76552
21-Oct-09,1.64,1.64,1.52,1.60,1500
20-Oct-09,1.64,1.64,1.64,1.64,125
19-Oct-09,1.56,1.64,1.56,1.64,1685
16-Oct-09,1.68,1.72,1.40,1.64,19986
15-Oct-09,1.72,1.72,1.60,1.72,3200
14-Oct-09,1.76,1.76,1.60,1.60,3950
13-Oct-09,1.60,1.76,1.60,1.76,108
12-Oct-09,1.60,1.76,1.60,1.68,1850
9-Oct-09,1.65,1.80,1.58,1.76,15740
8-Oct-09,1.88,1.88,1.64,1.74,7036
7-Oct-09,1.72,1.95,1.52,1.76,75063
6-Oct-09,1.72,1.76,1.64,1.64,350
5-Oct-09,1.72,1.72,1.60,1.64,4450
2-Oct-09,1.60,1.64,1.52,1.60,1542
1-Oct-09,1.60,1.72,1.60,1.64,4550
30-Sep-09,1.76,1.76,1.60,1.60,9329
29-Sep-09,1.76,1.76,1.60,1.72,8950
28-Sep-09,1.72,1.76,1.60,1.72,1649
25-Sep-09,1.72,1.72,1.56,1.68,300
24-Sep-09,1.60,1.76,1.52,1.75,2625
23-Sep-09,1.68,1.92,1.60,1.76,11099
22-Sep-09,1.60,1.76,1.60,1.72,16181
21-Sep-09,1.60,1.60,1.56,1.60,1404
18-Sep-09,1.60,1.60,1.52,1.60,150
17-Sep-09,1.60,1.60,1.52,1.60,3300
16-Sep-09,1.52,1.60,1.52,1.60,1150
15-Sep-09,1.60,1.60,1.52,1.52,800
14-Sep-09,1.52,1.60,1.52,1.60,1368
11-Sep-09,1.56,1.60,1.56,1.60,2525
10-Sep-09,1.48,1.60,1.45,1.56,2444
9-Sep-09,-,-,-,1.60,0
8-Sep-09,1.44,1.60,1.44,1.60,706
4-Sep-09,1.48,1.60,1.48,1.60,225
3-Sep-09,1.56,1.56,1.52,1.52,4000
2-Sep-09,1.56,1.58,1.52,1.56,4680
1-Sep-09,1.67,1.72,1.52,1.60,6000
31-Aug-09,1.71,1.71,1.52,1.67,7550
28-Aug-09,1.80,1.80,1.52,1.71,21244
27-Aug-09,1.92,2.40,1.68,1.87,79058
26-Aug-09,1.60,2.24,1.48,1.96,54636
25-Aug-09,-,-,-,1.60,0
24-Aug-09,1.40,1.64,1.40,1.60,3800
21-Aug-09,1.48,1.60,1.44,1.60,2125
20-Aug-09,1.60,1.64,1.60,1.60,4243
19-Aug-09,1.56,1.56,1.48,1.56,2582
18-Aug-09,1.52,1.56,1.48,1.56,16202
17-Aug-09,1.48,1.52,1.48,1.52,475
14-Aug-09,1.56,1.56,1.44,1.56,1000
13-Aug-09,1.52,1.52,1.48,1.52,5750
12-Aug-09,1.56,1.56,1.40,1.56,2676
11-Aug-09,1.48,1.48,1.40,1.48,530
10-Aug-09,1.52,1.52,1.44,1.52,1206
7-Aug-09,1.44,1.48,1.44,1.48,50
6-Aug-09,1.44,1.44,1.44,1.44,702
5-Aug-09,1.44,1.48,1.34,1.48,7364
4-Aug-09,1.40,1.44,1.40,1.44,75
3-Aug-09,1.40,1.48,1.40,1.48,4531
31-Jul-09,-,-,-,1.52,0
30-Jul-09,1.64,1.64,1.40,1.52,4387
29-Jul-09,1.40,1.64,1.33,1.64,13445
28-Jul-09,1.37,1.40,1.32,1.40,26550
27-Jul-09,1.52,1.52,1.36,1.40,31774
24-Jul-09,1.44,1.52,1.44,1.52,1650
23-Jul-09,1.36,1.52,1.33,1.52,325
22-Jul-09,-,-,-,1.52,0
21-Jul-09,1.49,1.52,1.49,1.52,5760
20-Jul-09,1.52,1.52,1.52,1.52,6063
17-Jul-09,1.56,1.72,1.49,1.68,1875
16-Jul-09,1.76,1.76,1.48,1.60,625
15-Jul-09,1.52,1.76,1.48,1.76,5375
14-Jul-09,1.44,1.56,1.32,1.52,1872
13-Jul-09,1.48,1.60,1.36,1.56,12454
10-Jul-09,1.56,1.60,1.40,1.48,5644
9-Jul-09,1.76,1.84,1.32,1.48,21435
8-Jul-09,1.76,1.96,1.68,1.96,7875
7-Jul-09,1.76,1.76,1.56,1.76,3850
6-Jul-09,1.84,1.84,1.60,1.80,9527
2-Jul-09,1.64,1.92,1.64,1.76,60862
1-Jul-09,1.52,1.60,1.52,1.60,1370
30-Jun-09,1.52,1.64,1.48,1.64,3363
29-Jun-09,-,-,-,1.64,0
26-Jun-09,1.52,1.68,1.52,1.64,4100
25-Jun-09,1.56,1.60,1.48,1.60,600
24-Jun-09,1.48,1.60,1.48,1.60,4362
23-Jun-09,-,-,-,1.72,0
22-Jun-09,1.80,1.80,1.52,1.72,550
19-Jun-09,-,-,-,1.68,0
18-Jun-09,-,-,-,1.68,0
17-Jun-09,-,-,-,1.68,0
16-Jun-09,1.64,1.68,1.60,1.68,925
15-Jun-09,-,-,-,1.64,0
12-Jun-09,1.52,1.64,1.52,1.64,225
11-Jun-09,1.48,1.60,1.40,1.60,4246
10-Jun-09,1.61,1.64,1.56,1.64,4354
9-Jun-09,1.76,1.76,1.64,1.64,275
8-Jun-09,1.64,1.76,1.61,1.68,3900
5-Jun-09,1.64,1.68,1.61,1.67,2868
4-Jun-09,1.64,1.68,1.61,1.68,2449
3-Jun-09,1.76,1.84,1.68,1.68,6054
2-Jun-09,1.80,1.80,1.64,1.80,1110
1-Jun-09,1.76,1.80,1.72,1.80,7075
29-May-09,1.80,1.80,1.68,1.76,750
28-May-09,1.61,1.72,1.61,1.72,625
27-May-09,1.68,1.72,1.61,1.68,1150
26-May-09,1.61,1.76,1.61,1.72,11268
22-May-09,1.76,1.80,1.60,1.60,175
21-May-09,1.84,1.88,1.68,1.68,6338
20-May-09,1.80,1.80,1.68,1.76,7710
19-May-09,1.92,1.92,1.60,1.76,11875
18-May-09,1.60,1.92,1.60,1.88,1221
15-May-09,2.00,2.02,1.68,1.68,9458
14-May-09,1.72,1.76,1.60,1.76,8794
13-May-09,1.76,1.91,1.72,1.80,9783
12-May-09,1.72,1.96,1.72,1.85,13162
11-May-09,2.04,2.08,1.88,1.96,15017
8-May-09,2.20,2.20,1.96,2.12,3698
7-May-09,2.48,2.48,2.00,2.16,14846
6-May-09,2.44,2.48,1.64,2.20,18780
5-May-09,2.40,2.68,2.29,2.44,31534
4-May-09,2.20,2.64,2.20,2.64,264082
1-May-09,2.32,2.32,2.32,2.32,225
30-Apr-09,2.24,2.32,2.00,2.32,900
29-Apr-09,2.44,2.60,1.88,2.32,2725
28-Apr-09,2.24,2.64,2.20,2.40,49826
27-Apr-09,1.92,2.20,1.84,2.20,2725
24-Apr-09,1.84,2.20,1.84,2.00,1431
23-Apr-09,1.68,2.12,1.68,2.08,2977
22-Apr-09,2.00,2.00,2.00,2.00,29
21-Apr-09,2.00,2.20,2.00,2.16,242
20-Apr-09,-,-,-,2.16,0
17-Apr-09,1.68,2.16,1.68,2.16,50
16-Apr-09,1.84,2.16,1.76,2.16,1197
15-Apr-09,1.76,1.76,1.76,1.76,174
14-Apr-09,1.64,2.16,1.64,2.16,550
13-Apr-09,1.52,2.16,1.52,2.16,535
9-Apr-09,1.56,2.16,1.56,2.16,50
8-Apr-09,1.56,1.56,1.56,1.56,25
7-Apr-09,2.20,2.20,1.52,2.16,698
6-Apr-09,1.32,2.20,1.32,2.20,50
3-Apr-09,1.68,2.20,1.64,2.20,225
2-Apr-09,1.76,2.20,1.60,2.20,8187
1-Apr-09,1.40,1.80,1.40,1.72,481
31-Mar-09,1.64,1.80,1.64,1.80,50
30-Mar-09,1.60,1.60,1.60,1.60,160
27-Mar-09,1.76,1.76,1.76,1.76,25
26-Mar-09,-,-,-,2.04,0
25-Mar-09,2.00,2.04,2.00,2.04,50
24-Mar-09,-,-,-,2.12,0
23-Mar-09,-,-,-,2.12,0
20-Mar-09,1.96,2.12,1.88,2.12,550
19-Mar-09,1.96,1.96,1.96,1.96,25
18-Mar-09,2.00,2.36,1.96,2.32,2266
17-Mar-09,1.56,1.92,1.56,1.80,325
16-Mar-09,1.72,1.72,1.00,1.00,1850
13-Mar-09,1.60,1.60,1.60,1.60,25
12-Mar-09,1.64,1.64,1.64,1.64,25
11-Mar-09,1.60,1.88,1.60,1.88,477
10-Mar-09,1.96,1.96,1.84,1.96,125
9-Mar-09,1.76,1.76,1.76,1.76,25
6-Mar-09,1.64,1.64,1.64,1.64,25
5-Mar-09,1.84,1.84,1.64,1.64,50
4-Mar-09,2.04,2.04,1.84,1.88,688
3-Mar-09,2.40,2.40,2.20,2.28,1575
2-Mar-09,-,-,-,2.56,0
27-Feb-09,2.44,2.64,2.44,2.56,750
26-Feb-09,-,-,-,2.52,0
25-Feb-09,-,-,-,2.52,0
24-Feb-09,2.40,2.52,2.40,2.52,50
23-Feb-09,2.20,2.36,2.20,2.36,75
20-Feb-09,2.40,2.48,2.40,2.48,651
19-Feb-09,2.56,2.56,2.56,2.56,25
18-Feb-09,2.40,2.40,2.24,2.40,75
17-Feb-09,2.24,2.52,2.20,2.20,9474
13-Feb-09,2.40,2.40,2.08,2.08,575
12-Feb-09,1.92,2.40,1.92,2.08,19074
11-Feb-09,1.84,2.00,1.84,2.00,62
10-Feb-09,1.96,1.96,1.92,1.92,555
9-Feb-09,2.08,2.08,2.00,2.00,25350
6-Feb-09,-,-,-,2.04,0
5-Feb-09,2.20,2.20,2.04,2.04,900
4-Feb-09,2.04,2.08,2.00,2.08,1012
3-Feb-09,1.92,2.20,1.92,2.00,5380
2-Feb-09,1.76,2.20,1.76,1.88,3140
30-Jan-09,-,-,-,1.96,0
29-Jan-09,-,-,-,1.96,0
28-Jan-09,1.92,2.16,1.84,1.96,10833
27-Jan-09,1.80,1.91,1.76,1.91,2337
26-Jan-09,1.80,1.80,1.68,1.72,13275
23-Jan-09,1.64,1.80,1.60,1.80,175
22-Jan-09,1.92,1.92,1.60,1.80,1550
21-Jan-09,1.60,1.96,1.60,1.80,13526
20-Jan-09,1.52,1.52,1.44,1.48,7063
16-Jan-09,1.40,1.44,1.20,1.44,1720
15-Jan-09,1.20,1.32,1.20,1.32,300
14-Jan-09,1.20,1.28,1.20,1.28,2281
13-Jan-09,1.52,1.52,1.24,1.24,300
12-Jan-09,1.20,1.48,1.20,1.28,3656
9-Jan-09,1.20,1.20,1.00,1.20,606
8-Jan-09,1.24,1.24,1.04,1.08,6784
7-Jan-09,1.20,1.24,1.20,1.24,1700
6-Jan-09,1.24,1.40,1.20,1.28,8734
5-Jan-09,0.96,1.24,0.96,1.16,16402
2-Jan-09,0.80,0.92,0.72,0.88,8270
31-Dec-08,0.76,1.00,0.72,0.92,122138
30-Dec-08,1.00,1.28,1.00,1.28,474
29-Dec-08,1.28,1.28,1.12,1.28,1195
26-Dec-08,1.40,1.40,1.32,1.40,100
24-Dec-08,-,-,-,1.56,0
23-Dec-08,1.56,1.56,1.28,1.56,494
22-Dec-08,1.24,1.56,1.20,1.48,316
19-Dec-08,1.28,1.68,1.28,1.52,322
18-Dec-08,1.32,1.32,1.32,1.32,129
17-Dec-08,1.40,1.56,1.33,1.56,2012
16-Dec-08,1.32,1.60,1.32,1.60,275
15-Dec-08,1.48,1.60,1.36,1.60,3150
12-Dec-08,1.64,1.64,1.48,1.60,100
11-Dec-08,-,-,-,1.72,0
10-Dec-08,-,-,-,1.72,0
9-Dec-08,1.20,1.72,1.20,1.72,4012
8-Dec-08,1.60,1.80,1.60,1.80,819
5-Dec-08,-,-,-,1.92,0
4-Dec-08,1.88,1.92,1.88,1.92,725
3-Dec-08,-,-,-,2.08,0
2-Dec-08,-,-,-,2.08,0
1-Dec-08,1.64,2.08,1.64,2.08,224
28-Nov-08,2.00,2.20,2.00,2.20,324
26-Nov-08,1.68,2.24,1.60,2.16,1948
25-Nov-08,2.32,2.36,2.00,2.28,875
24-Nov-08,2.56,2.56,2.12,2.40,875
21-Nov-08,-,-,-,2.72,0
20-Nov-08,-,-,-,2.72,0
19-Nov-08,1.60,2.76,1.60,2.72,11067
18-Nov-08,1.96,2.16,1.68,2.16,525
17-Nov-08,2.20,2.20,1.88,2.16,1054
14-Nov-08,-,-,-,2.28,0
13-Nov-08,2.88,2.88,2.00,2.28,575
12-Nov-08,2.32,2.56,2.20,2.28,1124
11-Nov-08,-,-,-,2.72,0
10-Nov-08,-,-,-,2.72,0
7-Nov-08,2.72,2.72,2.72,2.72,25
6-Nov-08,2.52,2.52,2.52,2.52,275
5-Nov-08,2.20,2.76,2.20,2.76,69
4-Nov-08,3.04,3.04,3.04,3.04,25
3-Nov-08,2.56,2.80,2.56,2.80,1476
31-Oct-08,3.04,3.04,3.04,3.04,25
30-Oct-08,2.12,2.60,2.12,2.60,2088
29-Oct-08,2.36,2.40,1.68,2.28,1400
28-Oct-08,2.68,3.00,2.12,2.40,5533
27-Oct-08,-,-,-,3.16,0
24-Oct-08,3.16,3.16,3.16,3.16,25
23-Oct-08,2.64,2.92,2.12,2.92,903
22-Oct-08,-,-,-,3.04,0
21-Oct-08,-,-,-,3.04,0
20-Oct-08,2.92,3.04,2.92,3.04,125
17-Oct-08,-,-,-,2.76,0
16-Oct-08,-,-,-,2.76,0
15-Oct-08,-,-,-,2.76,0
14-Oct-08,1.80,2.88,1.80,2.76,855
13-Oct-08,-,-,-,3.12,0
10-Oct-08,-,-,-,3.12,0
9-Oct-08,2.64,3.12,2.64,3.12,75
8-Oct-08,-,-,-,3.12,0
7-Oct-08,3.00,3.12,2.80,3.12,3350
6-Oct-08,2.60,3.12,2.40,3.12,150
3-Oct-08,-,-,-,3.16,0
2-Oct-08,-,-,-,3.16,0
1-Oct-08,3.12,3.20,3.12,3.16,106
30-Sep-08,3.08,3.08,3.08,3.08,750
29-Sep-08,2.48,3.12,2.48,3.12,681
26-Sep-08,2.84,3.16,2.80,3.16,1125
25-Sep-08,-,-,-,3.56,0
24-Sep-08,3.56,3.56,3.56,3.56,75
23-Sep-08,-,-,-,3.60,0
22-Sep-08,-,-,-,3.60,0
19-Sep-08,-,-,-,3.60,0
18-Sep-08,-,-,-,3.60,0
17-Sep-08,3.20,3.60,3.20,3.60,525
16-Sep-08,2.92,3.60,2.92,3.60,500
15-Sep-08,3.60,3.72,2.89,3.72,1956
12-Sep-08,4.00,4.00,3.44,3.96,1645
11-Sep-08,-,-,-,4.34,0
10-Sep-08,4.52,4.52,4.11,4.34,135
9-Sep-08,4.08,4.08,4.04,4.04,275
8-Sep-08,4.04,4.60,4.04,4.60,74
5-Sep-08,4.20,4.64,4.20,4.64,50
4-Sep-08,4.12,4.56,4.12,4.56,53
3-Sep-08,-,-,-,4.60,0
2-Sep-08,4.56,4.60,4.56,4.60,615
29-Aug-08,-,-,-,4.60,0
28-Aug-08,4.28,4.60,4.28,4.60,50
27-Aug-08,4.24,4.72,4.24,4.72,119
26-Aug-08,-,-,-,4.64,0
25-Aug-08,-,-,-,4.64,0
22-Aug-08,-,-,-,4.64,0
21-Aug-08,4.52,4.64,4.04,4.64,275
20-Aug-08,4.56,4.64,4.56,4.64,50
19-Aug-08,-,-,-,4.76,0
18-Aug-08,-,-,-,4.76,0
15-Aug-08,-,-,-,4.76,0
14-Aug-08,4.76,4.76,4.56,4.76,325
13-Aug-08,-,-,-,4.92,0
12-Aug-08,4.92,4.92,4.92,4.92,200
11-Aug-08,4.88,4.88,4.72,4.72,238
8-Aug-08,4.88,4.88,4.88,4.88,25
7-Aug-08,4.80,4.80,4.76,4.76,125
6-Aug-08,4.80,4.88,4.60,4.88,2740
5-Aug-08,4.72,4.92,4.68,4.92,412
4-Aug-08,-,-,-,4.92,0
1-Aug-08,4.92,4.92,4.92,4.92,88
31-Jul-08,4.92,4.92,4.92,4.92,111
30-Jul-08,4.72,4.88,4.72,4.88,69
29-Jul-08,4.78,4.92,4.78,4.92,626
28-Jul-08,-,-,-,4.92,0
25-Jul-08,-,-,-,4.92,0
24-Jul-08,4.76,4.92,4.68,4.92,538
23-Jul-08,5.04,5.04,4.80,4.92,600
22-Jul-08,5.08,5.08,5.08,5.08,25
21-Jul-08,5.08,5.16,5.08,5.16,773
18-Jul-08,5.12,5.12,5.12,5.12,25
17-Jul-08,5.08,5.08,4.40,4.96,4781
16-Jul-08,-,-,-,5.44,0
15-Jul-08,-,-,-,5.44,0
14-Jul-08,-,-,-,5.44,0
11-Jul-08,-,-,-,5.44,0
10-Jul-08,5.24,5.44,5.24,5.44,212
9-Jul-08,5.27,5.40,5.27,5.40,538
8-Jul-08,5.52,5.52,5.52,5.52,25
7-Jul-08,-,-,-,5.36,0
3-Jul-08,5.24,5.36,5.12,5.36,1087
2-Jul-08,5.40,5.40,5.40,5.40,675
1-Jul-08,5.40,5.40,5.40,5.40,50
30-Jun-08,5.44,5.60,5.44,5.60,825
27-Jun-08,5.52,5.88,5.52,5.88,50
26-Jun-08,5.92,5.92,5.92,5.92,25
25-Jun-08,5.60,5.72,5.60,5.72,125
24-Jun-08,5.60,5.60,5.60,5.60,25
23-Jun-08,-,-,-,5.60,0
20-Jun-08,-,-,-,5.60,0
19-Jun-08,5.80,5.80,5.60,5.60,1012
18-Jun-08,5.80,5.80,5.80,5.80,240
17-Jun-08,6.00,6.00,5.84,5.84,405
16-Jun-08,5.60,6.08,5.48,6.08,132
13-Jun-08,6.12,6.12,6.12,6.12,25
12-Jun-08,-,-,-,6.00,0
11-Jun-08,6.04,6.12,5.64,6.00,4004
10-Jun-08,6.28,6.28,6.28,6.28,538
9-Jun-08,-,-,-,6.28,0
6-Jun-08,-,-,-,6.28,0
5-Jun-08,-,-,-,6.28,0
4-Jun-08,-,-,-,6.28,0
3-Jun-08,6.28,6.28,6.24,6.28,500
2-Jun-08,6.32,6.48,6.20,6.48,138
30-May-08,6.40,6.52,6.24,6.52,200
29-May-08,6.40,6.40,6.28,6.40,878
28-May-08,6.40,7.00,6.40,6.48,3851
27-May-08,6.20,6.28,6.20,6.28,375
23-May-08,-,-,-,6.24,0
22-May-08,6.32,6.32,5.92,6.24,425
21-May-08,-,-,-,6.08,0
20-May-08,5.84,6.08,5.80,6.08,175
19-May-08,5.32,5.92,5.32,5.92,375
16-May-08,-,-,-,5.92,0
15-May-08,-,-,-,5.92,0
14-May-08,5.92,5.92,5.80,5.92,1038
13-May-08,5.52,5.80,5.32,5.80,2920
12-May-08,5.80,5.96,5.40,5.96,1375
9-May-08,5.68,6.00,5.64,6.00,212
8-May-08,5.72,6.28,5.72,6.28,100
7-May-08,-,-,-,6.20,0
6-May-08,-,-,-,6.20,0
5-May-08,-,-,-,6.20,0
2-May-08,-,-,-,6.20,0
1-May-08,-,-,-,6.20,0
30-Apr-08,-,-,-,6.20,0
29-Apr-08,-,-,-,6.20,0
28-Apr-08,5.88,6.20,5.76,6.20,2770
25-Apr-08,-,-,-,6.32,0
24-Apr-08,-,-,-,6.32,0
23-Apr-08,-,-,-,6.32,0
22-Apr-08,6.20,6.32,6.00,6.32,1194
21-Apr-08,-,-,-,6.16,0
18-Apr-08,5.72,6.16,5.68,6.16,228
17-Apr-08,5.64,6.08,5.64,6.08,852
16-Apr-08,-,-,-,5.84,0
15-Apr-08,5.64,5.84,5.60,5.84,1229
14-Apr-08,-,-,-,5.92,0
11-Apr-08,5.92,5.92,5.92,5.92,25
10-Apr-08,6.08,6.08,5.72,5.92,150
9-Apr-08,6.04,6.32,5.56,6.12,9352
8-Apr-08,6.12,6.16,6.00,6.00,1380
7-Apr-08,6.20,6.20,6.20,6.20,250
4-Apr-08,6.24,6.32,6.20,6.32,397
3-Apr-08,-,-,-,6.76,0
2-Apr-08,-,-,-,6.76,0
1-Apr-08,-,-,-,6.76,0
31-Mar-08,6.32,6.80,6.32,6.76,2308
28-Mar-08,6.32,6.32,5.92,5.92,650
27-Mar-08,6.16,6.16,6.00,6.00,2584
26-Mar-08,-,-,-,6.40,0
25-Mar-08,6.40,6.52,6.40,6.40,695
24-Mar-08,6.00,6.36,6.00,6.36,1424
20-Mar-08,-,-,-,6.76,0
19-Mar-08,6.40,6.76,6.40,6.76,125
18-Mar-08,6.40,6.68,6.40,6.68,1125
17-Mar-08,6.40,7.08,6.40,7.08,105
14-Mar-08,-,-,-,7.08,0
13-Mar-08,-,-,-,7.08,0
12-Mar-08,-,-,-,7.08,0
11-Mar-08,-,-,-,7.08,0
10-Mar-08,6.48,7.12,6.48,7.08,81
7-Mar-08,-,-,-,7.36,0
6-Mar-08,-,-,-,7.36,0
5-Mar-08,6.68,7.36,6.68,7.36,647
4-Mar-08,-,-,-,7.68,0
3-Mar-08,7.60,7.68,6.80,7.68,2291
29-Feb-08,-,-,-,7.52,0
28-Feb-08,-,-,-,7.52,0
27-Feb-08,-,-,-,7.52,0
26-Feb-08,7.56,7.56,6.80,7.52,189
25-Feb-08,7.40,7.40,7.40,7.40,25
22-Feb-08,-,-,-,7.12,0
21-Feb-08,-,-,-,7.12,0
20-Feb-08,-,-,-,7.12,0
19-Feb-08,6.52,7.12,6.52,7.12,2128
15-Feb-08,-,-,-,7.56,0
14-Feb-08,-,-,-,7.56,0
13-Feb-08,7.56,7.56,7.56,7.56,68
12-Feb-08,7.20,7.52,7.20,7.52,50
11-Feb-08,7.54,7.56,7.52,7.52,245
8-Feb-08,-,-,-,7.40,0
7-Feb-08,6.92,7.40,6.92,7.40,221
6-Feb-08,-,-,-,7.68,0
5-Feb-08,-,-,-,7.68,0
4-Feb-08,6.80,7.68,6.80,7.68,75
1-Feb-08,6.88,7.48,6.88,7.48,50
31-Jan-08,7.52,7.52,7.52,7.52,25
30-Jan-08,7.08,7.48,6.80,7.48,3065
29-Jan-08,-,-,-,7.64,0
28-Jan-08,6.84,7.64,6.84,7.64,79
25-Jan-08,7.20,7.56,7.20,7.56,50
24-Jan-08,6.92,7.44,6.60,7.08,3291
23-Jan-08,6.84,7.84,6.84,7.84,125
22-Jan-08,6.84,7.96,6.60,7.88,1338
18-Jan-08,-,-,-,7.96,0
17-Jan-08,-,-,-,7.96,0
16-Jan-08,8.00,8.00,7.68,7.96,150
15-Jan-08,7.76,8.00,7.60,8.00,2412
14-Jan-08,7.24,7.80,7.20,7.76,962
11-Jan-08,7.80,8.20,7.80,8.20,75
10-Jan-08,-,-,-,7.80,0
9-Jan-08,7.20,7.96,7.20,7.80,1025
8-Jan-08,7.00,7.60,7.00,7.60,606
7-Jan-08,-,-,-,7.60,0
4-Jan-08,-,-,-,7.60,0
3-Jan-08,7.60,7.60,7.60,7.60,25
2-Jan-08,7.44,7.60,7.20,7.60,893
31-Dec-07,7.40,7.68,7.28,7.60,2771
28-Dec-07,7.96,7.96,7.80,7.96,600
27-Dec-07,7.84,8.04,7.60,7.84,3994
26-Dec-07,8.24,8.76,8.00,8.40,2761
24-Dec-07,8.16,9.00,8.16,9.00,4216
21-Dec-07,8.36,8.36,8.20,8.20,50
20-Dec-07,8.04,8.40,8.00,8.40,1069
19-Dec-07,-,-,-,9.00,0
18-Dec-07,8.44,9.00,8.00,9.00,900
17-Dec-07,9.00,9.08,9.00,9.08,250
14-Dec-07,-,-,-,8.92,0
13-Dec-07,8.92,8.92,8.64,8.92,900
12-Dec-07,8.76,9.56,8.44,9.08,5258
11-Dec-07,8.72,9.00,8.72,9.00,244
10-Dec-07,8.76,8.80,8.76,8.80,200
7-Dec-07,8.44,8.80,8.44,8.80,400
6-Dec-07,8.72,8.88,8.72,8.88,81
5-Dec-07,-,-,-,8.90,0
4-Dec-07,-,-,-,8.90,0
3-Dec-07,-,-,-,8.90,0
30-Nov-07,-,-,-,8.90,0
29-Nov-07,8.88,9.04,8.84,8.90,788
28-Nov-07,-,-,-,8.96,0
27-Nov-07,8.12,8.96,8.12,8.96,56
26-Nov-07,9.08,9.12,9.08,9.12,325
23-Nov-07,8.12,9.12,8.04,9.12,175
21-Nov-07,-,-,-,9.12,0
20-Nov-07,8.92,9.12,8.88,9.12,200
19-Nov-07,8.88,9.16,8.88,9.16,287
16-Nov-07,-,-,-,8.96,0
15-Nov-07,8.80,9.24,8.00,8.96,2899
14-Nov-07,-,-,-,9.00,0
13-Nov-07,8.96,9.00,8.92,9.00,908
12-Nov-07,9.00,9.00,8.80,9.00,1050
9-Nov-07,9.12,9.52,9.12,9.52,2764
8-Nov-07,9.32,9.32,9.20,9.24,310
7-Nov-07,9.20,9.60,9.20,9.56,754
6-Nov-07,9.20,9.60,9.20,9.20,1244
5-Nov-07,9.12,9.52,9.00,9.52,9306
2-Nov-07,9.04,9.92,9.04,9.76,729
1-Nov-07,10.00,10.04,9.64,9.64,975
31-Oct-07,9.92,9.96,9.76,9.96,1250
30-Oct-07,9.20,9.92,9.08,9.92,3852
29-Oct-07,9.28,9.48,9.00,9.32,524
26-Oct-07,9.20,9.40,9.12,9.40,1410
25-Oct-07,-,-,-,9.56,0
24-Oct-07,9.24,9.56,9.20,9.56,972
23-Oct-07,-,-,-,9.60,0
22-Oct-07,-,-,-,9.60,0
19-Oct-07,-,-,-,9.60,0
18-Oct-07,9.60,9.60,9.60,9.60,1800
17-Oct-07,9.52,9.60,9.52,9.60,625
16-Oct-07,9.48,9.48,9.48,9.48,909
15-Oct-07,9.60,9.60,9.32,9.60,1575
12-Oct-07,9.56,9.68,9.56,9.68,75
11-Oct-07,9.92,9.92,9.64,9.68,1511
10-Oct-07,-,-,-,9.60,0
9-Oct-07,9.56,9.60,9.56,9.60,225
8-Oct-07,9.60,9.76,9.60,9.64,506
5-Oct-07,9.40,9.56,9.40,9.56,181
4-Oct-07,-,-,-,9.36,0
3-Oct-07,9.32,9.36,9.32,9.36,69
2-Oct-07,9.16,9.36,9.16,9.36,762
1-Oct-07,9.60,9.60,9.20,9.32,1082
28-Sep-07,9.16,9.36,9.16,9.36,211
27-Sep-07,9.36,9.44,9.20,9.20,3918
26-Sep-07,-,-,-,9.56,0
25-Sep-07,9.56,9.56,9.56,9.56,50
24-Sep-07,9.36,9.64,9.36,9.60,575
21-Sep-07,9.48,9.52,9.36,9.52,525
20-Sep-07,9.52,9.52,9.24,9.48,2031
19-Sep-07,9.68,9.72,9.68,9.72,225
18-Sep-07,9.44,9.72,9.44,9.72,1400
17-Sep-07,9.64,9.64,9.60,9.60,1138
14-Sep-07,9.92,9.92,9.64,9.88,645
13-Sep-07,-,-,-,10.24,0
12-Sep-07,-,-,-,10.24,0
11-Sep-07,-,-,-,10.24,0
10-Sep-07,9.96,10.24,9.96,10.24,175
7-Sep-07,9.96,9.96,9.92,9.92,525
6-Sep-07,10.04,10.04,10.00,10.00,425
5-Sep-07,10.40,10.64,10.24,10.24,646
4-Sep-07,10.36,10.36,10.36,10.36,25
31-Aug-07,9.96,10.16,9.96,10.16,150
30-Aug-07,10.20,10.20,10.20,10.20,150
29-Aug-07,9.68,10.16,9.60,10.12,1748
28-Aug-07,9.96,9.96,9.88,9.92,900
27-Aug-07,10.04,10.04,9.76,9.96,482
24-Aug-07,-,-,-,9.68,0
23-Aug-07,9.64,9.68,9.64,9.68,129
22-Aug-07,9.64,9.68,9.64,9.68,400
21-Aug-07,9.44,9.48,9.44,9.48,612
20-Aug-07,9.48,9.76,9.48,9.52,1219
17-Aug-07,9.44,9.60,9.44,9.56,1400
16-Aug-07,9.64,9.84,9.40,9.84,1100
15-Aug-07,9.64,10.00,9.64,10.00,825
14-Aug-07,9.92,9.92,9.80,9.80,1125
13-Aug-07,10.00,10.00,9.60,9.76,1688
10-Aug-07,10.04,10.12,9.60,10.04,3130
9-Aug-07,10.12,10.36,9.96,10.32,1125
8-Aug-07,9.92,10.80,9.92,10.40,1700
7-Aug-07,9.76,9.92,9.68,9.92,400
6-Aug-07,9.76,9.96,9.76,9.96,1286
3-Aug-07,9.96,9.96,9.96,9.96,125
2-Aug-07,10.00,10.00,9.60,9.96,2041
1-Aug-07,9.68,10.20,9.68,10.00,942
31-Jul-07,10.36,10.58,9.76,10.04,7452
30-Jul-07,10.12,10.44,9.96,10.36,1432
27-Jul-07,-,-,-,10.44,0
26-Jul-07,10.68,10.72,10.44,10.44,181
25-Jul-07,10.32,10.68,10.32,10.48,275
24-Jul-07,10.68,10.68,10.04,10.52,375
23-Jul-07,10.12,10.80,9.64,10.60,13070
20-Jul-07,10.08,10.32,9.60,10.16,7341
19-Jul-07,10.24,10.40,9.64,10.32,3448
18-Jul-07,10.36,10.40,10.16,10.28,600
17-Jul-07,10.32,10.36,10.28,10.28,125
16-Jul-07,10.48,10.72,10.12,10.40,600
13-Jul-07,11.16,11.16,9.72,10.52,15706
12-Jul-07,10.68,10.80,10.44,10.68,3784
11-Jul-07,10.84,10.96,10.20,10.80,6781
10-Jul-07,10.68,10.96,10.64,10.80,250
9-Jul-07,10.92,10.96,10.92,10.96,300
6-Jul-07,10.72,10.84,10.44,10.48,2512
5-Jul-07,10.72,10.96,10.72,10.88,1100
3-Jul-07,10.76,11.00,10.64,10.64,175
2-Jul-07,10.92,11.08,10.32,10.76,3572
29-Jun-07,11.16,11.20,10.80,11.16,1818
28-Jun-07,11.16,11.20,10.80,11.12,500
27-Jun-07,11.08,11.20,11.08,11.20,772
26-Jun-07,11.04,11.04,10.72,10.80,4475
25-Jun-07,10.60,10.80,10.60,10.72,1038
22-Jun-07,-,-,-,10.80,0
21-Jun-07,10.56,11.08,10.40,10.80,2237
20-Jun-07,10.32,10.72,10.32,10.48,1779
19-Jun-07,10.40,10.56,10.20,10.48,28294
18-Jun-07,10.60,10.60,10.28,10.44,288
15-Jun-07,10.44,10.52,10.44,10.52,200
14-Jun-07,10.76,10.76,10.68,10.68,75
13-Jun-07,10.51,10.72,10.44,10.72,100
12-Jun-07,10.76,10.80,10.04,10.80,88620
11-Jun-07,10.40,10.72,10.20,10.72,500
8-Jun-07,10.40,10.72,10.36,10.68,438
7-Jun-07,10.40,10.72,10.12,10.72,1025
6-Jun-07,10.40,11.08,10.40,11.08,2131
5-Jun-07,10.44,10.96,10.40,10.96,2450
4-Jun-07,10.76,10.96,10.72,10.72,527
1-Jun-07,-,-,-,11.00,0
31-May-07,10.76,11.56,10.68,11.00,3550
30-May-07,10.44,10.84,10.04,10.64,1025
29-May-07,10.55,10.88,10.55,10.88,80
25-May-07,11.04,11.08,10.46,11.00,141
24-May-07,10.80,10.96,10.76,10.96,7827
23-May-07,10.96,10.96,10.76,10.88,100
22-May-07,10.92,10.92,10.64,10.72,300
21-May-07,10.52,10.92,10.52,10.92,1586
18-May-07,-,-,-,10.52,0
17-May-07,10.52,10.52,10.52,10.52,50
16-May-07,10.64,10.72,10.20,10.52,725
15-May-07,10.56,10.64,10.40,10.60,1850
14-May-07,10.08,10.64,10.08,10.48,356
11-May-07,10.44,10.64,10.44,10.64,650
10-May-07,10.52,10.72,10.52,10.72,18354
9-May-07,10.68,10.96,10.04,10.56,1748
8-May-07,10.84,10.84,10.12,10.64,10223
7-May-07,-,-,-,11.04,0
4-May-07,11.08,11.08,10.89,11.04,675
3-May-07,11.08,11.08,11.08,11.08,99
2-May-07,11.08,11.08,11.08,11.08,284
1-May-07,10.92,11.20,10.84,11.16,3286
30-Apr-07,10.96,11.20,10.96,11.15,300
27-Apr-07,-,-,-,11.20,0
26-Apr-07,11.20,11.20,11.00,11.20,625
25-Apr-07,11.24,11.44,11.12,11.22,681
24-Apr-07,11.00,11.56,10.96,11.56,125
23-Apr-07,11.48,11.56,11.00,11.52,1882
20-Apr-07,11.64,11.64,11.32,11.32,150
19-Apr-07,11.60,11.80,11.08,11.40,4280
18-Apr-07,10.68,11.40,10.68,11.40,1140
17-Apr-07,10.48,11.24,10.48,11.24,756
16-Apr-07,10.84,10.92,10.60,10.72,3795
13-Apr-07,11.32,11.52,10.68,10.88,2637
12-Apr-07,10.20,11.80,10.20,11.60,22004
11-Apr-07,10.28,10.28,10.20,10.20,525
10-Apr-07,10.48,10.48,10.24,10.24,400
9-Apr-07,10.20,10.20,10.12,10.20,3462
5-Apr-07,10.20,10.28,10.12,10.28,175
4-Apr-07,10.16,10.40,10.08,10.40,342
3-Apr-07,10.20,10.28,10.20,10.28,275
2-Apr-07,10.08,10.20,10.08,10.20,2582
30-Mar-07,-,-,-,10.24,0
29-Mar-07,10.24,10.32,10.24,10.24,150
28-Mar-07,10.20,10.20,10.20,10.20,1126
27-Mar-07,10.40,10.40,10.40,10.40,50
26-Mar-07,10.17,10.49,10.17,10.49,238
23-Mar-07,10.20,10.36,10.20,10.28,225
22-Mar-07,10.21,10.28,10.21,10.28,675
21-Mar-07,10.12,10.28,10.12,10.24,3044
20-Mar-07,10.20,10.20,10.06,10.12,500
19-Mar-07,10.20,10.20,10.06,10.20,438
16-Mar-07,10.04,10.52,10.00,10.52,525
15-Mar-07,10.24,10.29,10.00,10.04,498
14-Mar-07,-,-,-,10.24,0
13-Mar-07,10.44,10.44,10.24,10.24,162
12-Mar-07,10.20,10.40,10.20,10.40,1400
9-Mar-07,10.04,10.16,10.00,10.00,21071
8-Mar-07,10.08,10.12,10.00,10.12,546
7-Mar-07,10.16,10.16,10.16,10.16,68
6-Mar-07,10.20,10.20,10.04,10.16,420
5-Mar-07,10.08,10.36,10.00,10.00,450
2-Mar-07,10.40,10.40,10.20,10.36,75
1-Mar-07,10.28,10.32,10.28,10.32,50
28-Feb-07,10.28,10.28,10.24,10.24,75
27-Feb-07,10.08,10.32,10.00,10.24,688
26-Feb-07,10.08,10.32,10.08,10.20,355
23-Feb-07,10.08,10.08,10.04,10.04,450
22-Feb-07,10.08,10.08,10.00,10.04,2328
21-Feb-07,10.04,10.08,10.00,10.04,1825
20-Feb-07,10.00,10.04,10.00,10.04,4400
16-Feb-07,10.00,10.08,10.00,10.08,544
15-Feb-07,10.00,10.08,10.00,10.08,294
14-Feb-07,10.00,10.04,10.00,10.04,300
13-Feb-07,10.12,10.12,10.04,10.08,890
12-Feb-07,9.80,10.08,9.80,10.00,666
9-Feb-07,10.00,10.08,10.00,10.08,462
8-Feb-07,10.12,10.12,10.00,10.00,1590
7-Feb-07,10.00,10.12,10.00,10.00,434
6-Feb-07,10.03,10.08,10.00,10.08,632
5-Feb-07,10.08,10.16,10.00,10.04,2136
2-Feb-07,10.08,10.28,9.92,10.08,3100
1-Feb-07,10.68,10.68,10.00,10.20,2388
31-Jan-07,10.32,11.52,10.24,10.44,35679
30-Jan-07,10.04,10.28,10.04,10.08,1425
29-Jan-07,10.04,10.04,10.00,10.00,666
26-Jan-07,-,-,-,10.00,0
25-Jan-07,10.36,10.36,10.00,10.00,829
24-Jan-07,10.00,10.32,10.00,10.24,2214
23-Jan-07,10.04,10.04,10.00,10.04,152
22-Jan-07,10.00,10.20,10.00,10.04,204
19-Jan-07,10.08,10.12,10.00,10.00,375
18-Jan-07,10.32,10.32,10.00,10.00,425
17-Jan-07,10.04,10.04,10.00,10.00,10758
16-Jan-07,10.12,10.20,10.00,10.00,494
12-Jan-07,10.04,10.08,10.04,10.08,50
11-Jan-07,10.12,10.16,10.00,10.08,350
10-Jan-07,10.04,10.12,10.00,10.12,675
9-Jan-07,10.00,10.12,10.00,10.12,75
8-Jan-07,10.32,10.32,10.00,10.12,950
5-Jan-07,10.32,10.32,10.16,10.24,162
4-Jan-07,10.32,10.32,10.00,10.20,1364
3-Jan-07,10.04,10.32,10.00,10.00,3953
29-Dec-06,9.96,10.40,9.96,10.24,1328
28-Dec-06,10.44,10.44,10.00,10.12,2021
27-Dec-06,10.44,10.44,10.32,10.36,125
26-Dec-06,10.44,10.44,10.16,10.44,615
22-Dec-06,10.44,10.48,10.00,10.48,575
21-Dec-06,10.48,10.48,10.20,10.20,912
20-Dec-06,10.48,10.48,10.00,10.28,2832
19-Dec-06,10.48,10.48,10.28,10.48,175
18-Dec-06,10.36,10.36,10.11,10.28,712
15-Dec-06,10.48,10.48,10.36,10.36,200
14-Dec-06,10.36,10.40,10.36,10.40,525
13-Dec-06,9.72,10.44,9.72,10.32,3092
12-Dec-06,10.00,10.60,10.00,10.44,300
11-Dec-06,10.68,10.68,10.28,10.60,856
8-Dec-06,10.68,10.68,10.68,10.68,75
7-Dec-06,10.64,10.64,10.56,10.60,393
6-Dec-06,10.36,10.64,10.32,10.60,793
5-Dec-06,10.24,10.40,10.16,10.32,1800
4-Dec-06,10.00,10.60,10.00,10.36,8299
1-Dec-06,10.36,10.36,10.00,10.12,675
30-Nov-06,10.24,10.24,10.24,10.24,125
29-Nov-06,10.04,10.32,10.04,10.32,1613
28-Nov-06,10.04,10.20,10.04,10.20,1125
27-Nov-06,10.00,10.12,9.84,10.00,3837
24-Nov-06,10.00,10.08,10.00,10.00,1675
22-Nov-06,10.00,10.16,10.00,10.12,6792
21-Nov-06,10.08,10.16,10.08,10.08,3171
20-Nov-06,10.04,10.16,9.76,10.16,21449
17-Nov-06,10.00,10.12,10.00,10.00,1275
16-Nov-06,9.80,10.00,9.80,10.00,2388
15-Nov-06,10.00,10.08,10.00,10.00,3588
14-Nov-06,10.00,10.04,10.00,10.04,525
13-Nov-06,10.00,10.04,10.00,10.00,3978
10-Nov-06,10.04,10.04,10.00,10.00,859
9-Nov-06,10.00,10.08,10.00,10.00,11068
8-Nov-06,10.24,10.24,10.00,10.04,425
7-Nov-06,10.00,10.04,10.00,10.00,356
6-Nov-06,-,-,-,10.04,0
3-Nov-06,10.04,10.04,10.04,10.04,88
2-Nov-06,10.32,10.32,10.00,10.04,933
1-Nov-06,10.20,10.20,9.68,10.00,325
31-Oct-06,10.00,10.20,9.84,9.84,1044
30-Oct-06,9.80,10.40,9.60,10.28,3933
27-Oct-06,10.24,10.56,10.00,10.20,750
26-Oct-06,9.96,10.48,9.88,10.44,564
25-Oct-06,9.88,10.64,9.88,10.52,275
24-Oct-06,10.44,10.68,10.44,10.68,800
23-Oct-06,9.64,10.60,9.64,10.52,3131
20-Oct-06,10.40,10.80,10.24,10.72,400
19-Oct-06,10.00,11.08,10.00,10.92,878
18-Oct-06,10.64,11.00,10.08,10.08,13175
17-Oct-06,10.40,10.88,10.40,10.84,934
16-Oct-06,9.96,11.20,9.96,10.92,12862
13-Oct-06,10.20,10.48,10.12,10.44,175
12-Oct-06,10.16,10.56,10.16,10.48,5842
11-Oct-06,10.08,10.32,10.08,10.32,9012
10-Oct-06,10.00,10.20,10.00,10.20,658
9-Oct-06,9.96,10.08,9.96,10.04,6142
6-Oct-06,10.00,10.04,9.96,10.00,2588
5-Oct-06,9.92,10.04,9.92,10.00,2359
4-Oct-06,9.48,9.95,9.28,9.60,10775
3-Oct-06,9.64,10.00,9.64,10.00,100
2-Oct-06,9.64,10.00,9.60,9.88,911
29-Sep-06,9.80,9.92,9.80,9.92,508
28-Sep-06,9.80,9.96,9.72,9.88,1200
27-Sep-06,8.84,9.60,8.80,9.60,9410
26-Sep-06,8.84,9.31,8.76,9.24,5137
25-Sep-06,8.92,8.92,8.44,8.76,531
22-Sep-06,8.96,8.96,8.64,8.92,650
21-Sep-06,8.60,8.84,8.60,8.76,3922
20-Sep-06,8.72,8.88,8.68,8.84,1600
19-Sep-06,9.00,9.00,8.64,8.92,1412
18-Sep-06,8.60,9.04,8.52,8.80,2164
15-Sep-06,9.28,9.28,8.48,8.84,22401
14-Sep-06,9.20,9.32,9.00,9.28,3610
13-Sep-06,9.40,9.40,9.12,9.24,550
12-Sep-06,9.44,9.44,9.08,9.32,3112
11-Sep-06,9.44,9.52,9.20,9.32,4300
8-Sep-06,9.68,9.68,9.40,9.64,2125
7-Sep-06,9.24,9.60,9.20,9.20,3582
6-Sep-06,9.64,9.64,9.56,9.56,200
5-Sep-06,9.44,9.88,9.31,9.60,2749
1-Sep-06,9.68,9.84,9.68,9.80,130
31-Aug-06,9.72,9.72,9.40,9.68,1000
30-Aug-06,9.76,9.76,9.44,9.68,625
29-Aug-06,9.56,9.84,9.40,9.72,4129
28-Aug-06,9.32,9.68,9.04,9.60,3165
25-Aug-06,9.68,9.68,9.60,9.68,125
24-Aug-06,9.80,9.80,9.40,9.64,654
23-Aug-06,9.84,9.88,8.32,9.52,3772
22-Aug-06,10.76,10.76,8.84,10.12,24526
21-Aug-06,10.72,10.72,10.60,10.72,1150
18-Aug-06,10.72,10.72,10.60,10.68,1100
17-Aug-06,10.76,10.76,10.60,10.72,3938
16-Aug-06,10.56,10.76,10.40,10.76,2073
15-Aug-06,10.60,10.64,10.48,10.60,2622
14-Aug-06,10.52,10.56,10.44,10.56,250
11-Aug-06,10.52,10.60,10.40,10.60,1025
10-Aug-06,10.40,10.64,10.40,10.64,750
9-Aug-06,10.24,10.60,10.24,10.56,2040
8-Aug-06,10.72,10.72,10.44,10.72,1833
7-Aug-06,10.44,10.88,10.40,10.60,1059
4-Aug-06,10.84,10.84,10.20,10.72,550
3-Aug-06,10.92,10.92,10.40,10.80,200
2-Aug-06,10.64,10.80,10.40,10.76,3850
1-Aug-06,11.12,11.12,10.56,11.00,998
31-Jul-06,10.76,11.12,10.60,10.92,1000
28-Jul-06,11.12,11.12,11.05,11.08,250
27-Jul-06,10.64,11.08,10.64,11.08,125
26-Jul-06,10.60,11.08,10.56,11.08,1025
25-Jul-06,-,-,-,10.80,0
24-Jul-06,10.74,11.16,10.40,10.80,1968
21-Jul-06,10.76,11.16,10.76,11.12,280
20-Jul-06,10.96,10.96,10.64,10.88,775
19-Jul-06,11.00,11.12,10.68,10.96,525
18-Jul-06,-,-,-,11.20,0
17-Jul-06,11.36,11.36,11.12,11.20,250
14-Jul-06,11.36,11.36,11.04,11.20,525
13-Jul-06,11.04,11.24,11.04,11.20,467
12-Jul-06,11.16,11.36,11.00,11.32,546
11-Jul-06,11.36,11.36,11.08,11.36,462
10-Jul-06,11.32,12.60,11.08,11.32,34727
7-Jul-06,11.24,11.32,11.00,11.24,1255
6-Jul-06,11.24,11.32,11.20,11.20,2656
5-Jul-06,11.40,11.40,11.00,11.32,5268
3-Jul-06,10.76,11.44,10.76,11.12,24307
30-Jun-06,10.60,10.76,10.44,10.72,2181
29-Jun-06,10.76,10.76,10.44,10.60,8932
28-Jun-06,10.72,10.76,10.36,10.68,1182
27-Jun-06,10.72,10.72,10.44,10.72,125
26-Jun-06,10.72,10.72,10.72,10.72,275
23-Jun-06,10.68,10.72,10.00,10.72,2110
22-Jun-06,10.40,10.72,10.40,10.68,878
21-Jun-06,10.48,10.76,10.44,10.72,764
20-Jun-06,10.72,10.76,10.72,10.76,50
19-Jun-06,10.68,10.72,10.52,10.72,1125
16-Jun-06,10.56,10.68,10.52,10.68,1475
15-Jun-06,10.68,10.72,10.36,10.48,550
14-Jun-06,10.72,10.76,10.32,10.60,1975
13-Jun-06,10.44,10.80,10.44,10.80,3355
12-Jun-06,10.88,10.88,10.52,10.76,825
9-Jun-06,10.72,10.76,10.56,10.76,3040
8-Jun-06,11.00,11.00,9.72,10.48,9326
7-Jun-06,11.12,11.12,10.60,10.60,10120
6-Jun-06,10.84,11.08,10.60,10.84,4105
5-Jun-06,11.08,11.08,10.88,11.08,1525
2-Jun-06,11.16,11.16,11.00,11.16,569
1-Jun-06,11.16,11.16,10.80,11.16,1325
31-May-06,11.16,11.16,10.84,11.16,1700
30-May-06,11.20,11.20,10.68,11.16,8726
26-May-06,11.00,11.16,10.72,11.16,7532
25-May-06,11.00,11.00,10.84,10.96,1875
24-May-06,10.80,11.16,10.76,11.08,5635
23-May-06,11.16,11.16,10.64,10.92,1988
22-May-06,11.20,11.36,10.40,11.00,15736
19-May-06,11.00,11.48,10.80,11.36,9538
18-May-06,10.40,11.16,10.40,11.08,6444
17-May-06,10.44,10.72,10.40,10.52,10352
16-May-06,10.40,10.60,10.40,10.56,2063
15-May-06,10.44,10.52,10.40,10.52,6116
12-May-06,10.52,10.60,10.40,10.40,4925
11-May-06,10.68,10.68,10.40,10.40,3871
10-May-06,10.96,10.96,10.40,10.44,5647
9-May-06,11.00,11.12,11.00,11.00,23610
8-May-06,11.08,11.16,11.00,11.00,1821
5-May-06,10.96,11.08,10.96,11.08,575
4-May-06,11.08,11.12,10.80,11.08,500
3-May-06,10.96,11.20,10.76,11.00,6750
2-May-06,10.88,10.96,10.48,10.96,2175
1-May-06,10.84,10.96,10.76,10.92,4300
28-Apr-06,10.88,10.96,10.64,10.80,1635
27-Apr-06,10.64,10.96,10.44,10.80,5321
26-Apr-06,10.40,10.96,10.40,10.84,14004
25-Apr-06,10.52,10.52,10.12,10.40,4456
24-Apr-06,10.72,10.72,10.40,10.44,2972
21-Apr-06,10.48,10.60,10.40,10.60,2878
20-Apr-06,10.44,10.56,10.32,10.40,1675
19-Apr-06,10.44,10.52,10.40,10.44,17100
18-Apr-06,10.40,10.72,10.40,10.56,1472
17-Apr-06,10.76,10.76,10.08,10.52,7500
13-Apr-06,10.64,10.76,10.56,10.76,1184
12-Apr-06,10.76,10.76,10.60,10.76,1350
11-Apr-06,10.68,10.80,10.44,10.76,1520
10-Apr-06,10.44,10.80,10.32,10.80,7801
7-Apr-06,10.52,10.52,10.28,10.48,2275
6-Apr-06,10.24,10.44,10.12,10.44,1935
5-Apr-06,10.40,10.60,10.08,10.20,5498
4-Apr-06,10.36,10.44,10.08,10.28,3880
3-Apr-06,10.48,10.56,10.20,10.28,7218
31-Mar-06,10.80,10.84,10.44,10.64,5524
30-Mar-06,10.96,11.00,10.68,10.92,4913
29-Mar-06,11.00,11.20,10.64,10.96,10282
28-Mar-06,11.60,11.60,10.88,11.16,8337
27-Mar-06,11.80,13.16,10.96,11.40,124808
24-Mar-06,11.64,11.64,11.40,11.64,5000
23-Mar-06,11.28,11.88,10.96,11.76,15248
22-Mar-06,10.96,11.40,10.96,11.20,4156
21-Mar-06,11.52,11.52,10.88,11.20,6985
20-Mar-06,11.32,11.44,11.12,11.20,10758
17-Mar-06,11.40,11.64,11.20,11.44,1654
16-Mar-06,11.88,11.96,11.01,11.48,9181
15-Mar-06,11.84,12.04,11.40,11.56,25850
14-Mar-06,11.88,11.96,10.96,11.72,21087
13-Mar-06,10.40,12.20,10.20,11.88,61272
10-Mar-06,10.12,10.36,10.04,10.32,9940
9-Mar-06,10.12,10.36,10.08,10.16,15045
8-Mar-06,10.08,10.36,10.08,10.36,3188
7-Mar-06,10.08,10.32,10.08,10.28,962
6-Mar-06,10.16,10.36,10.12,10.28,4025
3-Mar-06,10.60,10.60,10.00,10.36,4563
2-Mar-06,10.12,10.60,10.04,10.32,1900
1-Mar-06,10.68,10.68,10.07,10.32,4385
28-Feb-06,10.52,10.60,10.52,10.60,3100
27-Feb-06,10.80,10.80,10.56,10.56,2090
24-Feb-06,10.56,10.80,10.52,10.64,3702
23-Feb-06,10.60,10.72,10.40,10.72,9434
22-Feb-06,10.76,10.76,10.48,10.64,6134
21-Feb-06,10.96,10.96,10.24,10.76,7453
17-Feb-06,10.52,10.64,10.52,10.64,525
16-Feb-06,10.80,10.80,10.44,10.64,785
15-Feb-06,10.92,10.92,10.52,10.52,4206
14-Feb-06,10.68,10.80,10.52,10.76,1391
13-Feb-06,10.52,10.80,10.44,10.80,1650
10-Feb-06,10.52,10.80,10.44,10.68,4687
9-Feb-06,10.60,10.80,10.60,10.60,4745
8-Feb-06,10.48,11.00,10.04,10.52,12119
7-Feb-06,10.40,10.44,10.16,10.44,2902
6-Feb-06,10.04,10.62,10.04,10.40,16424
3-Feb-06,10.32,10.40,10.20,10.40,1310
2-Feb-06,10.48,10.48,10.20,10.32,3029
1-Feb-06,10.27,10.60,10.20,10.29,6330
31-Jan-06,10.40,10.48,10.12,10.36,1600
30-Jan-06,10.48,10.48,10.20,10.28,2864
27-Jan-06,10.40,10.48,10.20,10.44,2682
26-Jan-06,10.48,10.48,10.08,10.36,3450
25-Jan-06,10.68,10.88,10.20,10.40,3298
24-Jan-06,11.56,11.56,10.40,10.48,20101
23-Jan-06,10.76,11.52,10.68,11.16,33843
20-Jan-06,10.40,11.00,10.24,10.68,51367
19-Jan-06,10.08,10.20,9.96,10.12,1175
18-Jan-06,10.32,10.36,9.96,10.24,8788
17-Jan-06,10.32,10.32,10.00,10.20,2872
13-Jan-06,10.20,10.32,10.00,10.28,6346
12-Jan-06,10.40,10.52,10.00,10.16,4559
11-Jan-06,10.64,10.99,10.40,10.52,11068
10-Jan-06,10.60,11.12,10.32,10.48,17344
9-Jan-06,9.60,10.32,9.60,10.20,11993
6-Jan-06,9.84,9.84,9.60,9.80,2300
5-Jan-06,9.60,9.80,9.60,9.60,2187
4-Jan-06,9.49,9.88,9.44,9.88,10716
3-Jan-06,9.60,9.60,9.24,9.56,6797
30-Dec-05,9.08,9.20,9.00,9.16,4302
29-Dec-05,8.92,9.08,8.52,9.08,6320
28-Dec-05,9.12,9.24,8.92,9.12,7428
27-Dec-05,9.44,9.44,9.08,9.16,2651
23-Dec-05,9.48,9.56,9.04,9.44,4616
22-Dec-05,9.00,9.60,9.00,9.48,4278
21-Dec-05,9.00,9.52,9.00,9.32,2197
20-Dec-05,9.04,9.28,9.04,9.24,2573
19-Dec-05,9.00,9.32,9.00,9.20,1131
16-Dec-05,9.40,9.52,9.00,9.12,6235
15-Dec-05,9.56,9.64,9.24,9.40,4069
14-Dec-05,9.68,9.68,9.28,9.52,1838
13-Dec-05,9.96,9.96,9.32,9.52,13414
12-Dec-05,9.12,9.36,9.12,9.16,6692
9-Dec-05,9.00,9.16,8.92,9.12,4788
8-Dec-05,9.16,9.16,8.84,8.96,6712
7-Dec-05,9.52,9.52,8.96,9.24,19190
6-Dec-05,9.56,9.60,9.24,9.44,10390
5-Dec-05,9.60,9.92,9.44,9.64,14231
2-Dec-05,9.64,9.64,9.44,9.52,13920
1-Dec-05,9.56,10.00,9.56,9.68,6453
30-Nov-05,10.20,10.20,9.48,9.64,14504
29-Nov-05,10.00,10.40,9.40,9.68,58618
28-Nov-05,11.80,11.80,10.80,11.56,27042
25-Nov-05,11.24,11.48,10.80,11.48,15766
23-Nov-05,10.32,10.72,10.24,10.72,8456
22-Nov-05,10.60,10.60,10.12,10.60,9652
21-Nov-05,10.44,10.80,10.24,10.54,14631
18-Nov-05,9.96,10.68,9.96,10.60,13266
17-Nov-05,10.20,10.48,9.92,10.16,11430
16-Nov-05,10.76,10.76,9.64,10.36,6552
15-Nov-05,10.08,10.80,10.00,10.76,28068
14-Nov-05,9.56,10.36,9.44,10.12,7650
11-Nov-05,9.88,10.16,9.44,9.84,3586
10-Nov-05,9.80,9.84,9.80,9.80,1438
9-Nov-05,9.68,9.88,9.60,9.88,1900
8-Nov-05,10.04,10.04,9.68,9.88,5400
7-Nov-05,9.64,10.24,9.64,10.00,2369
4-Nov-05,9.80,10.16,9.80,10.04,2052
3-Nov-05,9.64,9.80,9.62,9.80,400
2-Nov-05,9.68,9.80,9.52,9.76,5469
1-Nov-05,9.76,9.96,9.72,9.88,3570
31-Oct-05,9.40,9.80,9.40,9.72,5331
28-Oct-05,9.44,9.80,9.44,9.60,3012
27-Oct-05,10.00,10.12,9.60,9.72,5604
26-Oct-05,10.00,10.16,9.60,9.80,10200
25-Oct-05,10.04,10.40,10.00,10.16,2675
24-Oct-05,10.56,10.56,9.96,10.00,4474
21-Oct-05,11.36,11.36,10.20,10.20,2592
20-Oct-05,10.00,10.76,9.80,10.40,26381
19-Oct-05,10.20,10.20,9.72,9.88,2800
18-Oct-05,9.96,10.00,9.92,10.00,873
17-Oct-05,9.56,10.20,9.56,10.00,6441
14-Oct-05,9.92,9.92,9.44,9.56,8510
13-Oct-05,9.76,9.76,9.48,9.76,2688
12-Oct-05,10.00,10.00,9.48,9.64,3594
11-Oct-05,10.44,10.44,9.68,9.84,3274
10-Oct-05,9.60,10.44,9.60,10.16,18705
7-Oct-05,9.44,9.56,9.32,9.40,3735
6-Oct-05,9.44,9.72,9.44,9.44,2542
5-Oct-05,9.68,9.80,9.40,9.72,4315
4-Oct-05,9.64,9.96,9.56,9.67,2301
3-Oct-05,10.04,10.16,9.56,9.96,1350
30-Sep-05,10.20,10.20,9.86,9.92,2006
29-Sep-05,9.56,10.44,9.32,10.08,16279
28-Sep-05,10.04,10.04,9.48,9.72,1732
27-Sep-05,9.82,10.64,9.80,10.08,16155
26-Sep-05,9.52,9.92,9.52,9.92,6624
23-Sep-05,9.48,9.56,9.40,9.56,1975
22-Sep-05,9.32,9.44,9.28,9.44,4031
21-Sep-05,9.24,9.46,9.24,9.32,4161
20-Sep-05,9.60,9.60,9.24,9.24,8237
19-Sep-05,9.52,9.64,9.52,9.64,1699
16-Sep-05,9.48,9.69,9.36,9.68,4824
15-Sep-05,9.88,9.88,9.56,9.72,9266
14-Sep-05,9.92,9.92,9.60,9.64,14801
13-Sep-05,10.80,11.04,9.76,9.88,20305
12-Sep-05,10.16,11.00,10.16,10.56,31631
9-Sep-05,9.76,10.20,9.72,10.16,20589
8-Sep-05,9.60,9.88,9.44,9.72,10085
7-Sep-05,9.32,9.58,9.16,9.48,13314
6-Sep-05,9.12,9.28,9.00,9.24,13746
2-Sep-05,9.40,9.40,8.84,9.00,24142
1-Sep-05,9.00,9.32,9.00,9.32,11609
31-Aug-05,9.12,9.44,9.12,9.32,3936
30-Aug-05,9.40,9.40,9.12,9.32,8125
29-Aug-05,9.16,9.36,9.16,9.24,7040
26-Aug-05,9.40,9.80,9.20,9.36,26422
25-Aug-05,9.60,9.92,9.60,9.64,13361
24-Aug-05,10.02,10.20,10.00,10.08,11592
23-Aug-05,10.28,10.36,10.00,10.08,19373
22-Aug-05,10.20,10.40,10.08,10.08,11059
19-Aug-05,10.40,10.44,10.12,10.16,7415
18-Aug-05,10.60,10.60,10.24,10.32,8259
17-Aug-05,10.16,10.40,10.16,10.36,8463
16-Aug-05,10.40,10.72,10.08,10.24,29822
15-Aug-05,11.00,11.00,10.40,10.60,20908
12-Aug-05,10.68,10.76,10.56,10.68,8961
11-Aug-05,11.27,11.40,10.60,10.84,17947
10-Aug-05,11.12,11.68,10.92,11.44,55650
9-Aug-05,10.68,10.92,10.48,10.88,20512
8-Aug-05,11.04,11.20,10.56,10.64,28724
5-Aug-05,10.00,11.52,10.00,10.92,110101
4-Aug-05,10.12,10.36,10.08,10.20,18272
3-Aug-05,10.44,10.44,10.12,10.32,16969
2-Aug-05,10.48,10.56,10.20,10.40,22989
1-Aug-05,10.48,10.60,10.20,10.56,17343
29-Jul-05,10.48,10.68,9.92,10.28,36063
28-Jul-05,10.96,10.96,10.40,10.44,33410
27-Jul-05,11.24,11.24,10.40,10.68,30437
26-Jul-05,10.76,11.36,10.28,10.88,70958
25-Jul-05,10.80,11.48,10.40,10.76,81657
22-Jul-05,10.80,11.00,10.08,10.48,90562
21-Jul-05,11.40,11.40,10.60,10.76,50353
20-Jul-05,12.08,12.20,11.12,11.36,85672
19-Jul-05,12.40,13.04,12.08,12.12,134895
18-Jul-05,13.76,15.32,12.00,12.40,743510
15-Jul-05,14.60,14.60,11.76,12.00,609681
14-Jul-05,11.84,19.96,11.60,14.96,3000494
13-Jul-05,8.64,8.64,8.32,8.60,7125
12-Jul-05,8.40,8.68,8.40,8.68,5120
11-Jul-05,8.44,8.80,8.40,8.60,4474
8-Jul-05,8.32,8.80,8.32,8.68,2997
7-Jul-05,8.80,8.80,8.40,8.76,2200
6-Jul-05,8.56,8.80,8.20,8.72,12137
5-Jul-05,8.72,8.80,8.72,8.80,1250
1-Jul-05,8.60,8.84,8.60,8.68,1059
30-Jun-05,9.00,9.00,8.44,8.64,6867
29-Jun-05,9.20,9.48,8.76,8.80,2075
28-Jun-05,9.04,9.88,9.04,9.56,2792
27-Jun-05,9.08,9.80,9.04,9.72,1075
24-Jun-05,9.56,9.56,9.44,9.52,350
23-Jun-05,9.48,10.00,9.44,10.00,6642
22-Jun-05,9.56,10.00,9.40,9.68,9475
21-Jun-05,9.48,9.80,9.08,9.56,7825
20-Jun-05,8.36,9.56,8.36,9.36,17507
17-Jun-05,8.36,8.60,8.32,8.60,350
16-Jun-05,8.56,8.72,8.36,8.68,5999
15-Jun-05,8.44,8.68,8.44,8.68,600
14-Jun-05,8.68,8.68,8.60,8.64,4644
13-Jun-05,-,-,-,8.84,0
10-Jun-05,8.78,8.84,8.68,8.84,654
9-Jun-05,8.68,8.82,8.68,8.80,3525
8-Jun-05,8.64,8.84,8.64,8.80,650
7-Jun-05,8.80,8.80,8.64,8.76,2010
6-Jun-05,8.92,8.92,8.64,8.80,1698
3-Jun-05,9.00,9.12,8.64,9.08,5325
2-Jun-05,8.88,9.08,8.84,9.08,829
1-Jun-05,8.88,9.16,8.80,9.16,1112
31-May-05,8.48,9.04,8.48,8.96,2822
27-May-05,9.24,9.28,8.80,9.28,1112
26-May-05,8.56,9.48,8.44,9.16,18478
25-May-05,8.88,9.20,8.88,9.12,2025
24-May-05,9.16,9.48,9.00,9.48,1869
23-May-05,9.20,9.28,9.04,9.28,2075
20-May-05,9.40,9.60,9.32,9.44,550
19-May-05,9.76,9.76,9.40,9.60,392
18-May-05,9.56,9.72,9.40,9.40,1940
17-May-05,9.64,9.79,9.48,9.76,1800
16-May-05,10.00,10.08,9.56,9.96,5500
13-May-05,10.08,10.08,10.04,10.04,1692
12-May-05,10.00,10.08,10.00,10.08,4400
11-May-05,10.08,10.08,10.00,10.08,2900
10-May-05,9.88,10.40,9.88,10.04,7535
9-May-05,9.96,9.96,9.56,9.80,1812
6-May-05,-,-,-,9.92,0
5-May-05,9.84,10.00,9.48,9.92,5655
4-May-05,9.72,9.84,9.48,9.76,2339
3-May-05,9.68,10.00,9.24,9.72,4298
2-May-05,9.76,9.76,9.36,9.68,3652
29-Apr-05,9.80,9.80,9.04,9.76,3956
28-Apr-05,9.72,10.00,9.52,9.64,8791
27-Apr-05,9.12,9.88,8.88,9.56,8781
26-Apr-05,9.40,9.40,9.00,9.12,3930
25-Apr-05,9.36,9.56,9.20,9.56,9674
22-Apr-05,9.12,9.20,8.84,9.08,3100
21-Apr-05,9.36,9.40,8.80,9.36,7045
20-Apr-05,9.20,9.52,9.20,9.32,4560
19-Apr-05,9.28,9.32,9.08,9.12,6252
18-Apr-05,9.04,9.40,9.04,9.28,11926
15-Apr-05,9.56,9.60,9.04,9.28,7872
14-Apr-05,9.76,9.76,9.28,9.40,8888
13-Apr-05,9.52,9.96,9.44,9.68,8778
12-Apr-05,9.80,9.80,9.28,9.60,14205
11-Apr-05,9.84,10.28,9.84,10.04,22671
8-Apr-05,10.28,11.00,9.80,10.00,49640
7-Apr-05,13.00,14.72,10.40,11.16,419501
6-Apr-05,10.08,10.32,8.68,9.32,18452
5-Apr-05,10.04,10.44,9.64,10.08,2620
4-Apr-05,9.52,10.08,9.12,10.08,20595
1-Apr-05,10.20,10.20,9.44,9.72,5435
31-Mar-05,10.60,10.60,9.64,10.36,8264
30-Mar-05,11.32,11.84,10.00,10.40,27702
29-Mar-05,11.16,11.92,11.08,11.12,11148
28-Mar-05,11.36,11.68,10.68,11.20,21954
24-Mar-05,12.04,12.76,11.24,11.52,62034
23-Mar-05,12.92,16.76,12.00,12.72,335662
22-Mar-05,11.16,11.60,11.16,11.20,625
21-Mar-05,11.00,11.84,11.00,11.16,1379
18-Mar-05,10.96,11.20,10.28,10.40,4747
17-Mar-05,11.96,11.96,10.48,11.04,6372
16-Mar-05,12.24,12.24,11.40,11.96,3714
15-Mar-05,13.00,13.04,12.31,12.40,2080
14-Mar-05,13.20,13.20,12.00,12.40,1770
11-Mar-05,12.00,12.96,12.00,12.40,5958
10-Mar-05,12.00,12.60,12.00,12.24,2228
9-Mar-05,-,-,-,12.48,0
8-Mar-05,12.60,12.60,11.88,12.48,630
7-Mar-05,12.12,12.76,12.12,12.60,2302
4-Mar-05,11.92,12.12,11.40,11.72,4637
3-Mar-05,12.40,12.68,11.92,12.16,1634
2-Mar-05,12.40,12.40,12.00,12.40,600
1-Mar-05,12.52,12.68,12.52,12.64,250
28-Feb-05,12.36,12.60,12.32,12.47,3425
25-Feb-05,12.36,12.48,12.36,12.40,1306
24-Feb-05,12.52,13.20,12.48,12.72,1572
23-Feb-05,12.32,13.36,12.32,13.28,850
22-Feb-05,11.56,13.48,11.56,12.56,1605
18-Feb-05,12.60,13.80,12.12,13.00,3618
17-Feb-05,12.00,12.60,12.00,12.60,597
16-Feb-05,11.88,12.84,11.48,12.24,6450
15-Feb-05,13.68,13.68,13.00,13.00,3146
14-Feb-05,12.52,13.70,11.92,13.32,5624
11-Feb-05,13.72,13.72,12.72,13.00,8910
10-Feb-05,13.08,14.00,12.88,13.80,5151
9-Feb-05,12.76,14.00,12.72,13.96,14119
8-Feb-05,12.12,13.76,11.92,12.72,16387
7-Feb-05,12.72,12.76,11.52,11.96,7958
4-Feb-05,11.20,13.00,10.96,12.60,38286
3-Feb-05,10.08,11.48,9.92,11.24,11786
2-Feb-05,9.56,10.08,9.56,9.96,2480
1-Feb-05,9.56,9.80,9.56,9.72,3762
31-Jan-05,9.44,9.72,8.64,9.64,1320
28-Jan-05,9.76,9.76,9.44,9.44,3110
27-Jan-05,9.60,9.88,9.60,9.68,4050
26-Jan-05,9.28,9.56,9.28,9.56,3168
25-Jan-05,9.76,9.84,9.40,9.40,2566
24-Jan-05,10.00,10.16,9.40,9.64,6944
21-Jan-05,9.60,9.64,9.36,9.40,7856
20-Jan-05,10.32,10.32,9.00,9.60,6865
19-Jan-05,10.52,10.52,9.60,9.80,6470
18-Jan-05,10.20,10.20,9.80,9.80,7244
14-Jan-05,10.08,10.08,9.80,9.80,7086
13-Jan-05,9.96,10.76,9.88,10.00,16900
12-Jan-05,9.84,9.92,9.40,9.52,7382
11-Jan-05,10.12,10.16,9.60,9.68,10107
10-Jan-05,11.12,11.16,10.12,10.40,18357
7-Jan-05,11.80,11.80,10.80,10.96,9678
6-Jan-05,12.04,12.04,10.92,11.00,19624
5-Jan-05,14.40,14.40,11.76,12.00,15102
4-Jan-05,14.00,15.08,13.60,14.00,31278
3-Jan-05,14.68,15.16,13.36,13.36,65510
31-Dec-04,14.64,21.59,14.64,15.84,436412
30-Dec-04,9.40,13.44,9.24,13.07,79538
29-Dec-04,9.60,10.00,9.56,9.72,3822
28-Dec-04,9.40,9.92,9.32,9.44,5472
27-Dec-04,9.80,9.84,9.36,9.84,1822
23-Dec-04,8.72,10.00,8.72,9.84,4380
22-Dec-04,9.44,9.68,9.04,9.60,4686
21-Dec-04,10.96,10.96,9.60,9.68,5249
20-Dec-04,11.64,11.64,9.32,10.00,10965
17-Dec-04,8.84,11.44,8.70,11.20,16074
16-Dec-04,9.08,9.20,8.92,9.00,1095
15-Dec-04,8.80,9.04,8.80,9.04,762
14-Dec-04,9.24,9.28,8.56,8.68,1550
13-Dec-04,9.04,9.12,8.68,9.12,1932
10-Dec-04,9.04,9.40,9.00,9.20,2436
9-Dec-04,9.80,9.80,9.28,9.52,1375
8-Dec-04,9.36,10.44,9.24,9.60,5484
7-Dec-04,9.36,9.76,9.32,9.46,2452
6-Dec-04,9.36,10.00,9.12,9.84,15180
3-Dec-04,9.16,10.00,9.16,9.84,1752
2-Dec-04,9.24,9.60,9.20,9.20,2032
1-Dec-04,9.68,10.32,9.40,9.60,4784
30-Nov-04,9.68,9.68,9.68,9.68,125
29-Nov-04,10.00,10.16,9.72,9.72,2695
26-Nov-04,9.80,10.12,9.72,10.12,3966
24-Nov-04,10.40,10.44,9.80,10.16,4188
23-Nov-04,9.20,10.20,9.00,9.96,9133
22-Nov-04,10.04,11.20,10.04,10.40,2602
19-Nov-04,10.80,11.08,10.00,10.48,4555
18-Nov-04,11.16,11.20,10.80,11.12,6224
17-Nov-04,11.20,11.20,10.40,10.40,2462
16-Nov-04,12.68,12.68,10.60,10.60,8390
15-Nov-04,10.80,11.60,9.96,11.24,6592
12-Nov-04,12.60,12.72,11.00,11.40,7160
11-Nov-04,10.00,12.96,9.96,12.44,44309
10-Nov-04,8.68,10.08,8.68,10.00,2105
9-Nov-04,9.20,9.20,9.16,9.16,50
8-Nov-04,9.36,9.48,8.12,9.20,3438
5-Nov-04,9.56,9.56,9.40,9.48,225
4-Nov-04,9.60,9.60,9.60,9.60,75
3-Nov-04,9.80,10.00,9.32,9.60,775
2-Nov-04,10.12,10.12,9.60,9.60,1338
1-Nov-04,-,-,-,10.12,0
29-Oct-04,10.56,10.56,9.12,10.12,2964
28-Oct-04,10.36,10.48,10.00,10.40,1802
27-Oct-04,10.44,10.76,10.32,10.40,6607
26-Oct-04,10.12,10.92,10.12,10.44,4222
25-Oct-04,9.00,10.00,8.76,9.80,7688
22-Oct-04,8.00,9.04,8.00,9.00,7067
21-Oct-04,8.00,8.08,7.96,8.00,900
20-Oct-04,7.68,7.80,7.64,7.80,1613
19-Oct-04,7.44,8.08,7.44,7.80,3389
18-Oct-04,7.60,7.60,7.28,7.56,188
15-Oct-04,7.20,7.40,7.20,7.36,400
14-Oct-04,7.56,7.62,7.28,7.28,4012
13-Oct-04,7.28,7.60,7.28,7.44,678
12-Oct-04,7.24,7.40,7.24,7.40,175
11-Oct-04,7.44,7.64,7.44,7.60,75
8-Oct-04,7.36,7.72,7.32,7.64,1412
7-Oct-04,7.96,8.36,7.64,7.92,1894
6-Oct-04,8.20,8.52,7.60,8.36,1988
5-Oct-04,8.00,8.56,8.00,8.52,4756
4-Oct-04,7.32,8.16,7.32,8.00,3595
1-Oct-04,8.00,8.04,7.32,7.48,669
30-Sep-04,8.32,8.32,7.60,8.04,1012
29-Sep-04,6.64,9.56,6.64,8.40,6064
28-Sep-04,6.04,7.08,6.04,7.08,1487
27-Sep-04,7.12,7.32,6.72,6.80,1000
24-Sep-04,6.80,7.32,6.56,7.32,3780
23-Sep-04,6.72,6.72,6.56,6.68,625
22-Sep-04,6.52,6.80,6.52,6.80,388
21-Sep-04,7.00,7.04,7.00,7.04,175
20-Sep-04,6.84,6.84,6.52,6.84,1612
17-Sep-04,6.48,6.88,6.48,6.84,950
16-Sep-04,6.52,7.00,6.52,6.84,431
15-Sep-04,-,-,-,7.00,0
14-Sep-04,6.76,7.00,6.60,7.00,809
13-Sep-04,7.56,7.56,6.72,7.00,500
10-Sep-04,7.36,7.36,7.16,7.16,100
9-Sep-04,6.76,7.04,6.76,6.92,300
8-Sep-04,7.12,7.24,6.64,7.16,1238
7-Sep-04,7.36,7.36,7.00,7.12,428
3-Sep-04,6.60,7.32,6.60,7.32,1250
2-Sep-04,7.00,7.00,6.80,6.92,562
1-Sep-04,6.96,7.16,6.64,7.08,1100
31-Aug-04,-,-,-,7.00,0
30-Aug-04,7.00,7.00,7.00,7.00,250
27-Aug-04,6.72,7.00,6.72,7.00,224
26-Aug-04,6.72,6.80,6.72,6.76,188
25-Aug-04,7.00,7.16,6.96,6.96,175
24-Aug-04,7.00,7.32,7.00,7.32,206
23-Aug-04,6.96,7.16,6.72,7.00,1594
20-Aug-04,6.64,7.12,6.64,7.12,564
19-Aug-04,6.96,7.08,6.96,7.08,100
18-Aug-04,7.16,7.16,7.16,7.16,25
17-Aug-04,6.60,7.00,6.60,6.92,2038
16-Aug-04,6.40,6.76,6.40,6.76,766
13-Aug-04,6.60,7.24,6.60,6.72,1044
12-Aug-04,7.00,7.00,6.48,6.48,900
11-Aug-04,6.60,6.92,6.60,6.88,1452
10-Aug-04,6.84,7.08,6.72,6.92,506
9-Aug-04,6.84,7.04,6.84,7.04,125
6-Aug-04,7.16,7.32,6.72,7.32,651
5-Aug-04,7.16,7.44,6.80,7.04,2044
4-Aug-04,6.44,7.40,6.44,7.20,492
3-Aug-04,6.40,7.24,6.40,7.24,544
2-Aug-04,7.16,7.60,6.80,7.56,1700
30-Jul-04,7.40,7.48,7.12,7.24,1310
29-Jul-04,6.88,7.60,6.88,7.60,1364
28-Jul-04,6.40,7.80,6.40,7.80,627
27-Jul-04,6.48,8.92,6.48,7.88,8179
26-Jul-04,7.04,7.76,6.60,7.44,1150
23-Jul-04,7.40,7.96,7.00,7.76,3113
22-Jul-04,6.44,7.52,6.44,7.52,296
21-Jul-04,7.32,7.56,6.52,7.28,626
20-Jul-04,7.40,7.56,6.96,7.56,2040
19-Jul-04,9.00,9.00,6.88,7.20,3582
16-Jul-04,8.16,8.20,7.80,8.00,1294
15-Jul-04,7.76,8.16,7.76,8.16,1040
14-Jul-04,8.00,8.00,7.76,8.00,564
13-Jul-04,8.00,8.16,7.96,8.04,1154
12-Jul-04,7.92,8.12,7.92,8.08,275
9-Jul-04,8.08,8.08,7.92,8.04,250
8-Jul-04,7.76,8.64,7.76,8.16,1070
7-Jul-04,8.00,8.56,8.00,8.20,1010
6-Jul-04,8.12,8.48,7.88,7.88,1524
2-Jul-04,7.76,8.40,7.60,8.16,625
1-Jul-04,7.92,8.44,7.88,8.16,975
30-Jun-04,7.96,8.52,7.92,8.40,875
29-Jun-04,8.28,8.40,8.00,8.40,400
28-Jun-04,7.80,8.52,7.80,8.32,900
25-Jun-04,8.36,8.68,8.36,8.64,550
24-Jun-04,8.20,8.36,7.80,8.20,2750
23-Jun-04,7.24,8.24,7.24,7.88,475
22-Jun-04,7.60,8.44,7.44,8.12,888
21-Jun-04,8.04,8.32,7.80,7.96,1850
18-Jun-04,8.04,8.28,7.72,8.28,825
17-Jun-04,8.32,8.32,7.84,8.08,2175
16-Jun-04,7.44,8.24,7.44,8.24,1275
15-Jun-04,7.24,8.08,7.24,7.88,1212
14-Jun-04,8.00,8.28,8.00,8.00,3555
10-Jun-04,7.48,7.96,7.48,7.92,3270
9-Jun-04,7.60,7.60,6.92,7.20,2300
8-Jun-04,7.60,7.76,7.60,7.76,1925
7-Jun-04,7.60,7.64,7.60,7.64,1175
4-Jun-04,7.52,7.52,7.52,7.52,25
3-Jun-04,7.32,7.32,7.20,7.20,950
2-Jun-04,7.32,7.36,7.28,7.28,375
1-Jun-04,7.72,7.72,7.08,7.28,725
28-May-04,6.88,7.44,6.88,7.44,496
27-May-04,6.88,7.44,6.88,7.32,475
26-May-04,6.88,7.56,6.88,7.32,1250
25-May-04,6.80,7.44,6.52,7.32,5658
24-May-04,10.08,10.08,6.84,7.28,3515
21-May-04,7.44,8.48,7.08,7.08,2100
20-May-04,7.44,8.64,7.44,7.56,688
19-May-04,7.80,8.52,7.80,7.92,712
18-May-04,8.08,8.08,7.36,7.96,2570
17-May-04,8.00,8.04,7.08,7.88,4478
14-May-04,8.32,9.08,8.00,8.80,612
13-May-04,9.88,9.88,8.32,9.16,1275
12-May-04,9.60,9.76,8.20,9.32,1832
11-May-04,10.00,10.00,8.84,9.48,1478
10-May-04,11.00,11.00,9.44,9.56,1850
7-May-04,10.00,10.92,10.00,10.44,462
6-May-04,10.16,10.36,10.16,10.36,1425
5-May-04,10.24,10.92,10.24,10.68,1025
4-May-04,11.18,11.18,10.16,10.24,925
3-May-04,10.96,11.00,10.40,10.76,925
30-Apr-04,10.64,11.60,10.12,10.12,1050
29-Apr-04,11.00,11.88,10.40,10.56,1425
28-Apr-04,11.92,11.92,11.20,11.40,2331
27-Apr-04,12.02,12.02,11.72,11.72,81
26-Apr-04,11.20,12.40,11.20,11.52,1470
23-Apr-04,11.96,11.96,11.96,11.96,250
22-Apr-04,11.48,12.28,11.44,11.44,975
21-Apr-04,12.36,12.36,11.28,11.60,4308
20-Apr-04,12.64,13.00,12.32,12.56,1288
19-Apr-04,12.64,13.00,12.60,13.00,3025
16-Apr-04,12.68,13.00,12.48,12.76,338
15-Apr-04,12.32,12.80,12.32,12.76,6610
14-Apr-04,11.92,13.00,10.84,12.80,8464
13-Apr-04,11.60,11.60,10.80,10.88,2622
12-Apr-04,11.00,11.56,10.92,11.56,925
8-Apr-04,10.96,11.64,10.72,11.00,1784
7-Apr-04,11.20,11.72,11.04,11.24,1697
6-Apr-04,10.04,11.40,10.04,11.40,3025
5-Apr-04,12.40,12.40,11.12,11.16,1950
2-Apr-04,10.96,13.16,10.44,11.28,6024
1-Apr-04,10.84,11.12,10.52,10.80,1175
31-Mar-04,10.24,10.80,10.24,10.80,976
30-Mar-04,10.44,10.80,10.40,10.80,1484
29-Mar-04,10.04,11.08,10.04,10.56,1030
26-Mar-04,10.00,10.40,9.96,10.40,2180
25-Mar-04,9.40,10.88,9.40,10.40,1764
24-Mar-04,10.40,10.40,9.84,9.84,2634
23-Mar-04,11.28,11.32,10.12,10.68,3062
22-Mar-04,13.20,13.20,11.24,11.68,3882
19-Mar-04,12.24,12.24,11.76,12.20,1075
18-Mar-04,13.12,13.12,11.68,12.40,3340
17-Mar-04,11.96,12.60,11.88,12.48,7470
16-Mar-04,11.36,12.40,11.36,11.72,1550
15-Mar-04,11.20,11.44,11.20,11.40,1439
12-Mar-04,11.60,11.60,11.20,11.56,2550
11-Mar-04,11.60,12.20,11.60,12.00,8687
10-Mar-04,12.24,12.40,11.40,12.36,9320
9-Mar-04,12.76,13.16,12.24,12.40,10452
8-Mar-04,13.04,13.72,12.40,12.60,13424
5-Mar-04,15.00,15.52,12.60,13.48,30982
4-Mar-04,15.80,23.00,15.40,16.00,211706
3-Mar-04,10.24,14.76,10.08,14.20,36350
2-Mar-04,10.80,10.80,10.08,10.08,1100
1-Mar-04,10.00,11.16,10.00,10.20,2288
27-Feb-04,9.80,9.96,9.12,9.96,1712
26-Feb-04,9.72,9.76,8.84,9.76,2311
25-Feb-04,9.76,9.76,9.36,9.72,888
24-Feb-04,9.52,9.60,8.96,9.24,2054
23-Feb-04,10.60,10.72,9.52,9.56,3290
20-Feb-04,10.96,10.96,10.60,10.60,425
19-Feb-04,11.00,11.00,10.96,10.96,425
18-Feb-04,11.12,11.12,10.68,10.68,628
17-Feb-04,10.72,11.20,10.72,11.20,1238
13-Feb-04,10.84,11.44,10.72,11.36,2271
12-Feb-04,11.16,11.24,10.84,10.96,1050
11-Feb-04,11.24,11.40,10.80,11.24,700
10-Feb-04,10.80,11.44,10.68,11.16,1964
9-Feb-04,11.08,11.36,10.60,11.36,4187
6-Feb-04,-,-,-,11.44,0
5-Feb-04,10.48,11.44,10.48,11.44,555
4-Feb-04,11.40,11.60,10.40,11.16,1485
3-Feb-04,11.44,11.64,11.44,11.64,75
2-Feb-04,11.40,11.72,11.40,11.64,850
30-Jan-04,11.68,11.68,11.68,11.68,25
29-Jan-04,11.64,11.64,11.64,11.64,518
28-Jan-04,11.08,11.76,11.08,11.64,678
27-Jan-04,11.72,11.72,11.64,11.72,1625
26-Jan-04,11.64,11.72,11.64,11.72,600
23-Jan-04,11.64,11.64,11.60,11.64,1888
22-Jan-04,11.16,11.88,11.16,11.80,722
21-Jan-04,12.00,12.00,11.64,11.88,3329
20-Jan-04,11.80,12.20,11.56,12.20,3750
16-Jan-04,12.00,12.00,11.76,11.96,4196
15-Jan-04,11.76,12.16,11.68,12.16,1596
14-Jan-04,11.76,12.12,11.72,12.12,1508
13-Jan-04,12.44,12.44,11.88,11.96,3475
12-Jan-04,12.40,12.40,11.92,12.40,1825
9-Jan-04,12.40,12.40,11.68,12.00,1375
8-Jan-04,11.40,12.68,11.40,11.80,897
7-Jan-04,12.32,12.80,12.12,12.12,2881
6-Jan-04,11.40,12.16,11.20,12.00,3260
5-Jan-04,11.64,11.76,11.48,11.48,972
2-Jan-04,12.20,12.20,11.64,11.64,1020
31-Dec-03,11.92,12.04,11.68,12.04,825
30-Dec-03,12.00,12.16,11.64,12.16,1396
29-Dec-03,12.44,12.44,11.24,12.20,1031
26-Dec-03,12.04,12.16,11.44,11.76,1386
24-Dec-03,11.76,12.16,11.76,12.08,501
23-Dec-03,11.12,11.84,11.12,11.20,922
22-Dec-03,11.60,11.96,11.12,11.24,1900
19-Dec-03,-,-,-,11.72,0
18-Dec-03,11.64,12.00,11.60,11.72,700
17-Dec-03,11.72,12.32,11.68,11.68,1175
16-Dec-03,13.88,13.92,11.92,12.00,6216
15-Dec-03,13.60,13.60,11.92,12.60,2951
12-Dec-03,12.04,12.92,12.04,12.40,12635
11-Dec-03,10.92,12.60,10.56,12.00,5323
10-Dec-03,11.28,11.48,10.76,10.88,4188
9-Dec-03,11.64,11.72,11.20,11.24,3344
8-Dec-03,11.72,11.72,11.72,11.72,138
5-Dec-03,12.04,12.44,11.60,12.00,10920
4-Dec-03,12.32,12.84,12.00,12.44,3056
3-Dec-03,12.60,12.80,12.04,12.60,1376
2-Dec-03,13.96,13.96,12.48,13.12,8541
1-Dec-03,15.80,15.80,13.64,13.96,20948
28-Nov-03,11.40,16.24,11.40,15.88,16311
26-Nov-03,11.48,12.64,10.80,12.24,2300
25-Nov-03,10.80,11.12,10.68,11.08,740
24-Nov-03,12.96,12.96,10.84,11.00,2309
21-Nov-03,11.44,11.44,11.44,11.44,238
20-Nov-03,10.48,11.96,10.48,11.68,1769
19-Nov-03,12.76,12.76,11.68,12.00,2375
18-Nov-03,13.08,13.48,11.40,11.68,2512
17-Nov-03,12.84,14.00,12.36,12.88,9658
14-Nov-03,-,-,-,11.44,0
13-Nov-03,12.84,12.84,11.44,11.44,1195
12-Nov-03,12.84,12.84,12.36,12.40,1750
11-Nov-03,12.20,12.72,12.20,12.48,512
10-Nov-03,12.80,12.80,12.24,12.24,516
7-Nov-03,11.64,12.84,11.64,12.24,1136
6-Nov-03,10.84,11.40,10.84,11.40,825
5-Nov-03,10.84,10.92,10.76,10.88,885
4-Nov-03,10.80,10.84,10.76,10.84,560
3-Nov-03,10.40,10.84,10.40,10.84,550
31-Oct-03,10.32,10.40,10.32,10.40,300
30-Oct-03,10.40,10.40,10.40,10.40,188
29-Oct-03,-,-,-,10.56,0
28-Oct-03,10.40,10.68,10.40,10.56,625
27-Oct-03,10.80,11.16,10.80,11.04,773
24-Oct-03,-,-,-,10.84,0
23-Oct-03,10.80,10.84,10.76,10.84,1175
22-Oct-03,10.64,11.36,10.64,10.80,1850
21-Oct-03,10.48,10.52,10.26,10.26,250
20-Oct-03,10.04,10.64,9.96,10.64,4562
17-Oct-03,10.32,10.32,10.04,10.04,625
16-Oct-03,9.60,10.40,9.36,10.40,3875
15-Oct-03,8.44,9.60,8.00,9.40,3938
14-Oct-03,7.88,8.44,7.88,8.44,2288
13-Oct-03,7.56,7.64,7.36,7.64,875
10-Oct-03,7.56,7.56,7.48,7.56,400
9-Oct-03,-,-,-,8.04,0
8-Oct-03,-,-,-,8.04,0
7-Oct-03,7.84,8.04,7.60,8.04,828
6-Oct-03,7.60,8.00,7.60,8.00,1175
3-Oct-03,7.44,7.76,7.44,7.52,2394
2-Oct-03,6.64,7.76,6.64,7.40,1831
1-Oct-03,6.80,7.16,6.76,6.80,294
30-Sep-03,6.68,6.68,6.68,6.68,25
29-Sep-03,6.68,6.68,6.68,6.68,125
26-Sep-03,-,-,-,6.91,0
25-Sep-03,7.12,7.12,6.60,6.91,1050
24-Sep-03,-,-,-,7.80,0
23-Sep-03,7.12,7.80,7.12,7.80,175
22-Sep-03,7.60,7.80,7.16,7.16,1480
19-Sep-03,7.28,7.84,7.28,7.84,250
18-Sep-03,7.48,7.48,7.36,7.40,1575
17-Sep-03,7.48,7.48,7.48,7.48,25
16-Sep-03,7.36,7.36,7.20,7.28,765
15-Sep-03,7.44,7.60,7.40,7.40,352
12-Sep-03,7.40,7.44,7.40,7.44,100
11-Sep-03,7.36,7.36,7.36,7.36,50
10-Sep-03,7.40,7.40,7.36,7.36,1100
9-Sep-03,7.44,7.44,7.36,7.36,1150
8-Sep-03,7.44,7.60,7.44,7.44,1075
5-Sep-03,6.60,7.68,6.60,7.40,1046
4-Sep-03,6.76,6.76,6.60,6.60,1975
3-Sep-03,6.80,6.80,6.80,6.80,150
2-Sep-03,6.76,6.76,6.68,6.68,512
29-Aug-03,-,-,-,6.91,0
28-Aug-03,-,-,-,6.91,0
27-Aug-03,-,-,-,6.91,0
26-Aug-03,-,-,-,6.91,0
25-Aug-03,6.91,6.91,6.91,6.91,25
22-Aug-03,6.72,6.72,6.72,6.72,275
21-Aug-03,6.66,6.72,6.66,6.72,425
20-Aug-03,6.60,6.68,6.44,6.68,1025
19-Aug-03,6.81,6.88,6.64,6.64,375
18-Aug-03,6.84,6.88,6.80,6.88,1375
15-Aug-03,-,-,-,7.00,0
14-Aug-03,6.88,7.12,6.88,7.00,307
13-Aug-03,7.00,7.12,6.76,6.76,175
12-Aug-03,7.04,7.04,6.76,6.84,1612
11-Aug-03,7.24,7.24,6.88,7.00,850
8-Aug-03,7.32,7.32,7.28,7.28,725
7-Aug-03,7.32,7.32,7.32,7.32,25
6-Aug-03,7.36,7.36,7.32,7.32,325
5-Aug-03,7.56,7.60,7.36,7.36,1550
4-Aug-03,7.56,7.56,7.56,7.56,125
1-Aug-03,7.60,7.60,7.60,7.60,375
31-Jul-03,7.36,7.64,7.36,7.60,700
30-Jul-03,7.52,7.56,7.36,7.36,400
29-Jul-03,7.68,7.80,7.68,7.80,150
28-Jul-03,7.64,7.72,7.64,7.72,100
25-Jul-03,7.60,7.84,7.60,7.60,1625
24-Jul-03,7.40,7.56,7.40,7.56,325
23-Jul-03,7.32,7.44,7.00,7.44,650
22-Jul-03,7.40,7.44,7.36,7.36,700
21-Jul-03,7.68,7.68,7.44,7.44,475
18-Jul-03,7.76,7.76,7.72,7.72,50
17-Jul-03,7.80,7.84,7.76,7.80,1625
16-Jul-03,7.60,8.00,7.60,7.72,625
15-Jul-03,8.76,8.80,7.60,8.00,4275
14-Jul-03,7.00,9.72,7.00,9.00,18438
11-Jul-03,8.28,8.28,7.96,7.96,750
10-Jul-03,8.28,8.32,6.88,8.28,4650
9-Jul-03,7.32,8.28,7.24,8.28,2388
8-Jul-03,-,-,-,7.28,0
7-Jul-03,7.28,7.28,7.28,7.28,1175
3-Jul-03,7.54,7.54,7.28,7.28,150
2-Jul-03,7.66,7.66,7.40,7.40,300
1-Jul-03,-,-,-,7.96,0
30-Jun-03,7.96,7.96,7.96,7.96,25
27-Jun-03,7.56,7.56,7.56,7.56,125
26-Jun-03,7.40,7.40,7.40,7.40,175
25-Jun-03,7.40,7.56,7.40,7.56,2400
24-Jun-03,7.56,7.56,7.40,7.40,1575
23-Jun-03,7.56,7.56,7.56,7.56,25
20-Jun-03,7.56,7.56,7.56,7.56,175
19-Jun-03,7.60,8.36,7.60,7.60,600
18-Jun-03,8.08,8.08,7.88,7.96,700
17-Jun-03,-,-,-,7.96,0
16-Jun-03,7.60,7.96,7.60,7.96,225
13-Jun-03,7.88,8.20,7.72,7.72,300
12-Jun-03,8.24,8.24,8.23,8.23,350
11-Jun-03,8.96,8.96,8.16,8.52,350
10-Jun-03,7.96,8.96,7.96,8.96,300
9-Jun-03,8.53,8.53,8.00,8.00,825
6-Jun-03,9.00,9.00,9.00,9.00,175
5-Jun-03,8.60,8.60,8.32,8.32,375
4-Jun-03,8.04,9.08,8.04,8.96,1875
3-Jun-03,8.12,8.12,8.12,8.12,150
2-Jun-03,8.36,8.36,7.72,7.72,175
30-May-03,-,-,-,8.00,0
29-May-03,8.40,8.60,8.00,8.00,1475
28-May-03,8.00,2.04,1.92,2.00,4000
27-May-03,8.00,2.16,1.96,2.12,9950
23-May-03,8.80,2.20,1.96,2.08,3950
22-May-03,8.16,2.04,2.00,2.04,2250
21-May-03,8.16,2.28,1.96,2.12,775
20-May-03,8.32,2.08,2.08,2.08,2325
19-May-03,8.80,2.20,2.08,2.08,1425
16-May-03,8.96,2.24,2.24,2.24,1475
15-May-03,8.80,2.40,2.20,2.28,3950
14-May-03,9.12,2.28,2.08,2.16,7475
13-May-03,9.60,2.40,2.24,2.36,1725
12-May-03,8.16,2.76,2.04,2.40,30795
9-May-03,8.48,2.24,2.08,2.20,3700
8-May-03,8.64,2.16,2.12,2.12,375
7-May-03,8.64,2.16,2.16,2.16,3475
6-May-03,8.96,2.24,2.12,2.16,3625
5-May-03,8.80,2.28,2.00,2.24,35950
2-May-03,8.80,2.32,2.12,2.24,6375
1-May-03,9.44,2.36,2.24,2.28,5850
30-Apr-03,9.60,2.40,2.40,2.40,500
29-Apr-03,9.92,2.48,2.32,2.40,4175
28-Apr-03,10.56,2.64,2.52,2.56,5300
25-Apr-03,9.76,2.76,2.40,2.64,150
24-Apr-03,10.24,2.76,2.40,2.48,5375
23-Apr-03,9.76,2.56,2.44,2.56,475
22-Apr-03,8.96,2.40,2.24,2.40,739
21-Apr-03,9.12,2.28,2.28,2.28,1175
17-Apr-03,9.44,2.36,2.36,2.36,75
16-Apr-03,9.44,2.52,2.24,2.40,975
15-Apr-03,9.28,2.40,2.24,2.40,1500
14-Apr-03,9.28,2.60,2.32,2.36,1100
11-Apr-03,9.44,2.60,2.32,2.60,1950
10-Apr-03,8.32,2.36,2.08,2.36,18400
9-Apr-03,7.68,2.24,1.92,2.12,3675
8-Apr-03,7.20,1.88,1.80,1.88,1000
7-Apr-03,7.20,1.96,1.64,1.92,8450
4-Apr-03,-,-,-,7.68,0
3-Apr-03,7.84,1.96,1.80,1.92,1900
2-Apr-03,7.84,1.96,1.96,1.96,200
1-Apr-03,7.04,2.24,1.76,1.96,7800
31-Mar-03,7.52,1.96,1.88,1.96,283550
28-Mar-03,-,-,-,7.84,0
27-Mar-03,8.00,2.00,1.80,1.96,1875
26-Mar-03,7.52,1.96,1.80,1.96,11175
25-Mar-03,6.72,1.96,1.68,1.88,3975
24-Mar-03,6.08,1.72,1.52,1.72,1325
21-Mar-03,6.56,1.76,1.64,1.76,125
20-Mar-03,6.40,1.80,1.56,1.80,1450
19-Mar-03,6.56,1.84,1.64,1.84,900
18-Mar-03,7.36,1.84,1.68,1.76,925
17-Mar-03,7.52,1.88,1.76,1.76,112
14-Mar-03,-,-,-,7.34,0
13-Mar-03,7.34,1.84,1.84,1.84,50
12-Mar-03,6.72,1.76,1.68,1.76,775
11-Mar-03,6.88,1.88,1.72,1.88,1250
10-Mar-03,6.88,1.92,1.72,1.92,275
7-Mar-03,-,-,-,7.68,0
6-Mar-03,-,-,-,7.68,0
5-Mar-03,7.68,1.92,1.80,1.92,100
4-Mar-03,7.52,1.96,1.80,1.80,5675
3-Mar-03,7.36,1.96,1.84,1.96,2600
28-Feb-03,7.04,1.92,1.76,1.92,275
27-Feb-03,-,-,-,7.68,0
26-Feb-03,7.20,1.92,1.80,1.92,775
25-Feb-03,7.52,1.96,1.84,1.96,1975
24-Feb-03,7.36,1.92,1.84,1.92,675
21-Feb-03,-,-,-,7.36,0
20-Feb-03,7.36,1.84,1.84,1.84,500
19-Feb-03,6.56,1.80,1.64,1.80,75
18-Feb-03,6.72,1.88,1.64,1.84,1850
14-Feb-03,7.50,1.88,1.88,1.88,175
13-Feb-03,6.56,1.84,1.64,1.84,650
12-Feb-03,6.40,1.80,1.60,1.80,100
11-Feb-03,6.72,1.80,1.68,1.80,1750
10-Feb-03,-,-,-,7.52,0
7-Feb-03,7.52,1.88,1.88,1.88,75
6-Feb-03,7.20,2.04,1.80,2.04,2975
5-Feb-03,7.36,1.92,1.84,1.88,2125
4-Feb-03,7.68,1.96,1.92,1.96,1150
3-Feb-03,7.68,2.04,1.92,1.96,1200
31-Jan-03,7.68,2.00,1.92,1.96,2325
30-Jan-03,8.00,2.00,1.96,2.00,3700
29-Jan-03,8.00,2.24,1.96,2.24,1500
28-Jan-03,8.00,2.12,2.00,2.08,750
27-Jan-03,-,-,-,8.64,0
24-Jan-03,-,-,-,8.64,0
23-Jan-03,7.70,2.24,1.92,2.16,450
22-Jan-03,8.64,2.20,1.88,2.12,975
21-Jan-03,8.64,2.32,2.16,2.32,200
17-Jan-03,8.80,2.44,2.08,2.44,1300
16-Jan-03,9.60,2.44,2.08,2.44,1025
15-Jan-03,9.12,2.40,2.20,2.40,1625
14-Jan-03,8.96,2.32,2.20,2.28,725
13-Jan-03,8.96,2.36,2.08,2.32,11600
10-Jan-03,8.96,2.40,2.24,2.40,575
9-Jan-03,-,-,-,10.40,0
8-Jan-03,9.92,2.60,2.00,2.60,2350
7-Jan-03,-,-,-,10.56,0
6-Jan-03,10.56,2.64,2.64,2.64,75
3-Jan-03,9.92,2.68,2.48,2.68,275
2-Jan-03,10.72,2.68,2.44,2.68,950
31-Dec-02,11.04,11.04,8.80,10.56,9450
30-Dec-02,11.20,11.52,10.40,11.52,475
27-Dec-02,11.18,11.52,10.90,10.90,550
26-Dec-02,9.76,11.04,9.76,11.04,1125
24-Dec-02,10.08,11.04,9.62,11.04,1200
23-Dec-02,10.40,11.04,10.24,11.04,325
20-Dec-02,9.60,11.20,9.60,11.20,425
19-Dec-02,-,-,-,11.04,0
18-Dec-02,10.56,11.04,10.40,11.04,1200
17-Dec-02,10.08,10.72,9.78,10.40,75
16-Dec-02,10.72,10.88,10.08,10.88,250
13-Dec-02,10.72,11.18,10.72,10.72,250
12-Dec-02,10.40,11.20,10.40,11.20,75
11-Dec-02,10.40,11.20,10.40,11.20,200
10-Dec-02,10.72,11.04,10.56,10.56,2375
9-Dec-02,10.72,11.36,10.72,11.36,400
6-Dec-02,10.88,11.36,10.88,11.36,75
5-Dec-02,10.56,11.20,10.56,11.20,25
4-Dec-02,-,-,-,11.68,0
3-Dec-02,10.83,11.68,10.08,11.68,100
2-Dec-02,10.56,11.84,10.40,11.84,375
29-Nov-02,11.04,11.52,11.04,11.36,725
27-Nov-02,11.04,11.20,10.40,11.04,400
26-Nov-02,11.04,11.04,10.40,10.40,275
25-Nov-02,10.08,11.20,9.44,11.20,950
22-Nov-02,10.08,11.20,10.08,11.20,100
21-Nov-02,-,-,-,10.88,0
20-Nov-02,10.40,10.88,10.40,10.72,200
19-Nov-02,10.08,11.04,10.08,11.04,200
18-Nov-02,10.08,10.24,10.08,10.24,400
15-Nov-02,10.08,10.24,8.48,10.24,4300
14-Nov-02,9.76,10.08,8.80,9.60,550
13-Nov-02,10.40,11.04,9.12,9.60,2950
12-Nov-02,10.88,11.36,10.88,11.36,100
11-Nov-02,-,-,-,11.52,0
8-Nov-02,11.20,11.52,11.20,11.52,900
7-Nov-02,11.68,11.84,11.68,11.84,50
6-Nov-02,11.20,11.84,10.88,11.84,175
5-Nov-02,-,-,-,12.00,0
4-Nov-02,11.52,12.00,10.24,12.00,2925
1-Nov-02,10.72,11.52,10.56,11.52,1200
31-Oct-02,9.76,11.52,9.76,11.36,400
30-Oct-02,-,-,-,11.84,0
29-Oct-02,10.88,11.84,9.60,11.84,1750
28-Oct-02,11.20,12.00,11.20,11.84,1000
25-Oct-02,11.68,12.80,11.66,12.46,250
24-Oct-02,10.08,11.52,10.08,11.36,2100
23-Oct-02,10.72,11.04,10.24,10.72,400
22-Oct-02,-,-,-,11.52,0
21-Oct-02,12.16,12.16,10.40,10.88,5950
18-Oct-02,12.02,15.04,12.02,14.08,450
17-Oct-02,-,-,-,15.04,0
16-Oct-02,-,-,-,15.04,0
15-Oct-02,12.64,15.04,12.16,15.04,875
14-Oct-02,10.08,13.44,9.60,13.44,75
11-Oct-02,11.33,12.48,10.40,12.48,150
10-Oct-02,11.36,12.48,11.36,12.48,25
9-Oct-02,11.36,12.80,11.36,12.80,600
8-Oct-02,10.40,13.76,9.60,13.76,1350
7-Oct-02,9.76,12.16,9.76,12.16,1375
4-Oct-02,11.36,12.00,10.08,10.08,1975
3-Oct-02,9.60,13.28,9.60,12.64,1025
2-Oct-02,10.08,13.12,9.60,12.64,2650
1-Oct-02,10.88,11.20,10.24,10.40,625
30-Sep-02,11.52,12.32,10.40,11.20,675
27-Sep-02,11.84,14.06,11.68,13.76,175
26-Sep-02,11.84,14.08,11.84,14.08,25
25-Sep-02,-,-,-,14.24,0
24-Sep-02,14.24,14.24,14.24,14.24,25
23-Sep-02,-,-,-,15.50,0
20-Sep-02,12.96,15.52,12.00,15.50,275
19-Sep-02,12.96,13.60,12.96,13.60,350
18-Sep-02,13.60,15.20,12.80,15.20,425
17-Sep-02,-,-,-,15.66,0
16-Sep-02,14.40,15.66,14.40,15.66,50
13-Sep-02,14.88,15.66,14.88,15.66,25
12-Sep-02,15.20,15.52,15.20,15.52,150
11-Sep-02,12.80,16.00,12.80,16.00,825
10-Sep-02,13.60,14.08,13.60,14.08,25
9-Sep-02,12.48,14.24,12.48,14.24,50
6-Sep-02,12.50,14.06,12.48,14.06,75
5-Sep-02,12.48,14.40,12.48,14.40,25
4-Sep-02,14.54,14.54,12.48,14.40,175
3-Sep-02,14.40,14.72,12.16,14.72,425
30-Aug-02,-,-,-,15.20,0
29-Aug-02,14.40,15.20,14.40,15.20,25
28-Aug-02,13.60,15.20,13.60,15.20,75
27-Aug-02,15.04,15.04,15.04,15.04,325
26-Aug-02,14.08,15.04,13.12,15.04,750
23-Aug-02,14.40,15.04,12.48,15.04,250
22-Aug-02,-,-,-,14.40,0
21-Aug-02,12.96,13.28,12.96,12.96,450
20-Aug-02,13.76,13.76,13.44,13.44,25
19-Aug-02,13.92,14.40,13.92,14.40,75
16-Aug-02,15.20,15.20,15.20,15.20,25
15-Aug-02,16.00,16.00,16.00,16.00,200
14-Aug-02,15.84,16.00,15.84,16.00,600
13-Aug-02,14.24,16.32,14.24,16.32,25
12-Aug-02,14.40,16.64,14.40,15.84,2675
9-Aug-02,14.90,15.82,14.56,14.56,50
8-Aug-02,15.84,15.84,15.84,15.84,75
7-Aug-02,15.84,15.84,15.84,15.84,25
6-Aug-02,16.64,16.64,14.88,15.68,150
5-Aug-02,15.38,16.32,15.36,15.38,100
2-Aug-02,-,-,-,17.28,0
1-Aug-02,-,-,-,17.28,0
31-Jul-02,15.20,17.28,15.20,17.28,25
30-Jul-02,15.04,19.20,15.04,17.44,1050
29-Jul-02,15.20,17.60,15.20,17.60,2425
26-Jul-02,15.04,16.00,14.56,16.00,2000
25-Jul-02,15.36,16.00,15.04,16.00,1275
24-Jul-02,15.68,16.00,15.68,16.00,100
23-Jul-02,16.00,16.64,15.68,15.68,400
22-Jul-02,14.56,17.28,14.56,16.00,400
19-Jul-02,16.80,16.80,16.80,16.80,25
18-Jul-02,-,-,-,16.80,0
17-Jul-02,14.56,16.80,14.56,16.80,100
16-Jul-02,15.36,16.80,15.36,16.80,25
15-Jul-02,14.40,16.48,14.40,16.48,75
12-Jul-02,-,-,-,16.16,0
11-Jul-02,14.24,16.64,12.64,16.16,725
10-Jul-02,14.40,16.80,14.40,16.80,125
9-Jul-02,16.00,18.56,16.00,16.80,750
8-Jul-02,16.00,16.80,16.00,16.48,2975
5-Jul-02,16.00,16.64,12.96,16.64,750
3-Jul-02,13.12,17.44,12.96,16.00,3000
2-Jul-02,-,-,-,16.80,0
1-Jul-02,15.20,16.80,15.20,16.80,900
28-Jun-02,16.16,16.16,14.88,16.00,200
27-Jun-02,16.00,17.28,16.00,16.96,750
26-Jun-02,12.80,16.80,12.80,16.64,10300
25-Jun-02,14.40,15.02,12.00,13.92,1000
24-Jun-02,14.72,16.32,14.72,15.04,225
21-Jun-02,-,-,-,16.32,0
20-Jun-02,14.88,16.32,14.88,16.32,25
19-Jun-02,15.20,16.48,15.20,16.48,1325
18-Jun-02,16.02,16.80,16.02,16.80,25
17-Jun-02,17.60,17.60,16.80,16.80,2575
14-Jun-02,15.52,17.92,15.52,17.92,2025
13-Jun-02,16.00,17.60,16.00,17.60,5025
12-Jun-02,17.60,17.60,17.44,17.44,1125
11-Jun-02,18.08,18.24,15.84,17.76,3925
10-Jun-02,17.92,19.04,17.60,18.08,400
7-Jun-02,19.04,19.04,19.04,19.04,25
6-Jun-02,19.20,19.84,18.56,19.20,4775
5-Jun-02,17.60,18.88,17.60,18.40,2600
4-Jun-02,15.52,18.40,15.52,17.60,1550
3-Jun-02,13.60,15.52,13.60,15.52,2150
31-May-02,-,-,-,14.88,0
30-May-02,13.12,14.08,13.12,13.76,2325
29-May-02,13.60,13.76,12.80,13.12,6975
28-May-02,13.60,14.72,13.60,14.08,3250
24-May-02,14.40,14.40,13.12,14.24,200
23-May-02,11.84,14.88,11.84,13.92,11850
22-May-02,11.84,12.80,11.84,12.80,1500
21-May-02,12.80,13.60,12.80,13.12,475
20-May-02,16.00,16.00,12.96,14.24,5275
17-May-02,16.00,16.00,12.64,13.76,1600
16-May-02,14.88,16.00,14.40,14.88,2050
15-May-02,15.52,15.52,14.10,15.20,400
14-May-02,15.68,16.16,15.68,16.00,850
13-May-02,16.00,16.80,15.52,16.00,2900
10-May-02,16.56,17.92,16.00,17.60,950
9-May-02,16.32,17.60,15.04,17.12,725
8-May-02,18.56,18.56,16.96,17.92,925
7-May-02,18.24,19.20,17.60,19.04,1500
6-May-02,18.24,20.48,18.24,20.00,1050
3-May-02,18.56,21.28,17.92,20.64,3625
2-May-02,21.92,21.92,18.88,21.92,25
1-May-02,20.80,20.80,18.88,20.64,25
30-Apr-02,22.24,22.24,17.60,22.08,1175
29-Apr-02,22.24,23.52,22.24,23.52,100
26-Apr-02,23.84,24.48,23.20,23.66,100
25-Apr-02,22.88,24.00,21.92,23.68,8975
24-Apr-02,24.00,24.32,24.00,24.32,150
23-Apr-02,22.88,24.80,22.88,24.00,350
22-Apr-02,24.48,25.60,24.00,24.80,950
19-Apr-02,23.20,24.80,23.20,24.80,50
18-Apr-02,-,-,-,25.28,0
17-Apr-02,22.72,25.28,22.72,25.28,25
16-Apr-02,24.80,24.80,24.80,24.80,25
15-Apr-02,22.72,24.80,22.72,24.32,150
12-Apr-02,23.20,25.44,23.20,25.44,225
11-Apr-02,22.56,24.32,22.56,24.16,750
10-Apr-02,-,-,-,24.32,0
9-Apr-02,-,-,-,25.28,0
8-Apr-02,22.40,25.28,22.40,25.28,50
5-Apr-02,24.80,25.44,24.80,25.44,350
4-Apr-02,24.80,25.28,24.00,25.28,275
3-Apr-02,24.80,25.60,24.80,25.60,175
2-Apr-02,24.80,26.56,24.80,26.56,225
1-Apr-02,26.24,26.88,25.60,26.88,550
28-Mar-02,24.32,26.40,22.24,26.24,700
27-Mar-02,-,-,-,26.24,0
26-Mar-02,25.12,26.24,25.12,26.24,75
25-Mar-02,26.72,26.72,26.72,26.72,50
22-Mar-02,26.40,26.40,26.40,26.40,25
21-Mar-02,-,-,-,26.40,0
20-Mar-02,25.60,26.40,24.80,26.40,100
19-Mar-02,25.30,26.72,25.30,26.56,200
18-Mar-02,25.60,26.72,25.60,26.72,1100
15-Mar-02,24.80,26.40,24.00,26.40,1250
14-Mar-02,25.94,26.72,25.60,26.72,1475
13-Mar-02,25.92,27.20,25.92,27.20,175
12-Mar-02,25.92,27.20,25.92,27.20,150
11-Mar-02,27.84,27.84,27.20,27.84,450
8-Mar-02,26.08,27.84,26.08,27.84,175
7-Mar-02,26.40,27.84,26.40,27.84,25
6-Mar-02,26.40,28.00,26.40,27.52,425
5-Mar-02,27.84,27.84,27.84,27.84,25
4-Mar-02,25.60,28.00,25.60,28.00,325
1-Mar-02,25.92,28.32,25.92,28.32,125
28-Feb-02,27.20,28.48,25.60,28.48,875
27-Feb-02,26.40,28.48,26.40,28.00,1900
26-Feb-02,28.64,28.64,25.92,28.00,350
25-Feb-02,26.40,27.20,24.80,27.20,250
22-Feb-02,28.64,28.64,27.36,27.68,125
21-Feb-02,28.00,28.00,28.00,28.00,25
20-Feb-02,27.20,28.80,26.40,28.80,100
19-Feb-02,27.52,28.80,23.20,28.80,775
15-Feb-02,-,-,-,28.64,0
14-Feb-02,27.52,28.80,27.52,28.64,325
13-Feb-02,27.20,29.12,27.20,28.80,550
12-Feb-02,27.20,29.60,27.20,29.60,250
11-Feb-02,29.12,29.92,28.32,29.92,1250
8-Feb-02,30.08,30.72,28.80,30.08,11850
7-Feb-02,30.40,30.40,28.64,30.08,4675
6-Feb-02,30.88,31.20,28.64,30.88,16300
5-Feb-02,31.84,31.84,31.20,31.68,275
4-Feb-02,31.20,33.28,31.20,31.84,1625
1-Feb-02,-,-,-,31.68,0
31-Jan-02,30.40,31.84,30.24,30.88,8925
30-Jan-02,31.20,31.36,24.48,30.88,8225
29-Jan-02,29.44,32.00,29.44,31.84,23125
28-Jan-02,28.00,29.60,26.56,28.64,1550
25-Jan-02,26.10,28.16,25.76,28.00,300
24-Jan-02,-,-,-,28.64,0
23-Jan-02,-,-,-,28.64,0
22-Jan-02,25.92,28.80,25.92,28.64,150
18-Jan-02,26.56,29.28,25.60,29.28,275
17-Jan-02,27.84,29.60,27.84,29.60,475
16-Jan-02,28.16,29.76,28.16,29.76,350
15-Jan-02,30.08,30.24,28.80,29.76,500
14-Jan-02,30.22,31.84,29.60,31.84,275
11-Jan-02,30.24,31.04,30.24,31.04,75
10-Jan-02,28.80,30.40,28.80,30.24,75
9-Jan-02,31.84,31.84,28.80,30.88,50
8-Jan-02,30.40,30.40,28.16,30.24,1700
7-Jan-02,30.40,32.00,28.80,31.68,725
4-Jan-02,31.20,32.16,30.40,31.20,725
3-Jan-02,33.28,33.28,32.96,32.96,175
2-Jan-02,30.40,33.12,30.40,32.48,175
31-Dec-01,28.80,32.80,28.80,32.32,3700
28-Dec-01,31.84,32.00,26.88,31.84,1750
27-Dec-01,29.44,31.04,29.44,31.04,1150
26-Dec-01,24.64,30.72,24.64,30.72,7200
24-Dec-01,25.12,26.40,25.12,26.08,625
21-Dec-01,24.00,27.04,24.00,26.56,2625
20-Dec-01,25.60,27.84,25.28,26.24,2275
19-Dec-01,24.32,26.56,23.52,26.56,450
18-Dec-01,23.84,26.88,23.84,26.56,325
17-Dec-01,24.48,27.04,24.48,26.88,475
14-Dec-01,26.40,26.40,24.64,25.92,400
13-Dec-01,25.76,26.40,25.28,25.28,275
12-Dec-01,25.92,27.52,25.60,27.52,625
11-Dec-01,27.04,28.00,26.56,27.20,1100
10-Dec-01,25.28,28.00,25.28,27.68,950
7-Dec-01,25.28,27.36,23.84,26.88,350
6-Dec-01,25.28,26.88,25.28,26.88,325
5-Dec-01,24.64,27.20,24.64,27.20,325
4-Dec-01,27.84,27.84,21.44,27.36,300
3-Dec-01,27.68,28.00,24.96,27.52,1150
30-Nov-01,27.84,27.84,24.16,27.68,300
29-Nov-01,28.32,28.32,25.76,27.84,75
28-Nov-01,28.64,28.64,26.42,27.20,75
27-Nov-01,28.96,28.96,27.20,28.64,275
26-Nov-01,27.68,28.80,27.68,28.80,1650
23-Nov-01,-,-,-,27.84,0
21-Nov-01,27.20,27.84,25.76,27.84,375
20-Nov-01,25.60,27.84,25.60,27.84,1125
19-Nov-01,26.40,27.04,24.64,27.04,950
16-Nov-01,24.64,26.40,24.64,26.40,75
15-Nov-01,27.04,27.04,24.64,26.40,75
14-Nov-01,25.60,27.20,24.48,24.48,375
13-Nov-01,25.60,27.20,24.64,27.20,425
12-Nov-01,24.00,25.60,23.20,25.60,3950
9-Nov-01,-,-,-,23.84,0
8-Nov-01,22.24,24.80,22.24,23.84,2175
7-Nov-01,22.40,24.80,22.40,24.32,3675
6-Nov-01,24.00,24.00,23.20,24.00,275
5-Nov-01,22.40,25.44,22.40,25.44,25
2-Nov-01,22.24,26.56,22.08,26.56,250
1-Nov-01,22.40,26.88,22.24,26.72,125
31-Oct-01,22.40,25.92,22.40,25.92,25
30-Oct-01,22.24,26.88,22.24,25.44,975
29-Oct-01,26.88,26.88,22.40,26.56,825
26-Oct-01,25.44,26.88,23.20,26.88,950
25-Oct-01,22.08,25.12,22.08,25.12,75
24-Oct-01,23.68,25.60,23.20,25.60,525
23-Oct-01,20.80,25.76,20.80,24.80,1425
22-Oct-01,20.82,23.52,16.80,22.40,1450
19-Oct-01,21.60,23.52,21.60,22.88,925
18-Oct-01,22.72,22.72,22.72,22.72,475
17-Oct-01,22.72,24.80,14.56,23.04,1150
16-Oct-01,21.12,25.28,21.12,24.48,675
15-Oct-01,21.28,27.20,21.28,24.80,850
12-Oct-01,23.84,28.32,22.88,22.88,250
11-Oct-01,26.40,27.20,26.40,27.20,150
10-Oct-01,19.68,27.20,19.68,27.20,2325
9-Oct-01,24.48,27.84,24.48,27.84,75
8-Oct-01,24.48,27.84,24.48,27.84,150
5-Oct-01,-,-,-,29.90,0
4-Oct-01,26.32,29.90,26.32,29.90,50
3-Oct-01,23.68,29.74,18.88,29.74,2875
2-Oct-01,28.00,28.62,28.00,28.62,150
1-Oct-01,26.56,28.62,26.56,28.62,200
28-Sep-01,27.02,27.84,24.98,27.38,1850
27-Sep-01,26.10,27.18,25.90,27.18,425
26-Sep-01,26.26,29.44,26.26,28.00,1075
25-Sep-01,26.00,26.26,24.00,25.60,925
24-Sep-01,21.60,26.40,21.60,26.26,1950
21-Sep-01,21.90,23.38,21.60,23.38,550
20-Sep-01,23.68,24.82,21.74,23.68,725
19-Sep-01,23.38,27.02,23.38,27.02,725
18-Sep-01,25.44,25.44,25.44,25.44,25
17-Sep-01,25.12,26.40,21.60,25.60,850
10-Sep-01,26.40,28.00,24.80,26.40,2600
7-Sep-01,27.84,30.08,26.40,30.08,675
6-Sep-01,28.80,31.20,28.00,28.96,600
5-Sep-01,28.48,31.84,27.84,31.68,775
4-Sep-01,32.00,33.44,28.83,32.00,1000
31-Aug-01,30.10,33.60,28.98,33.60,1000
30-Aug-01,30.10,33.44,30.10,32.82,450
29-Aug-01,31.38,33.28,30.40,33.28,800
28-Aug-01,31.68,34.72,31.02,34.40,5875
27-Aug-01,34.56,36.16,34.56,36.16,75
24-Aug-01,36.16,36.16,36.00,36.16,300
23-Aug-01,33.78,36.32,33.76,36.32,1450
22-Aug-01,33.74,35.68,33.74,35.68,400
21-Aug-01,34.10,36.62,34.10,36.00,100
20-Aug-01,33.74,36.82,33.74,36.82,250
17-Aug-01,35.02,37.44,33.74,36.82,800
16-Aug-01,-,-,-,37.60,0
15-Aug-01,37.38,37.60,36.62,37.60,650
14-Aug-01,36.82,38.10,36.82,38.10,225
13-Aug-01,36.88,38.40,36.62,37.60,1200
10-Aug-01,-,-,-,39.18,0
9-Aug-01,-,-,-,39.18,0
8-Aug-01,37.18,39.18,36.50,39.18,200
7-Aug-01,37.12,38.10,36.98,38.10,150
6-Aug-01,37.60,38.40,37.28,38.10,925
3-Aug-01,40.00,40.00,37.60,39.18,600
2-Aug-01,38.40,40.00,38.40,39.84,1500
1-Aug-01,37.28,41.44,37.28,38.72,5150
31-Jul-01,35.34,37.25,34.56,37.25,1300
30-Jul-01,34.88,36.00,34.40,36.00,175
27-Jul-01,36.62,36.62,36.62,36.62,75
26-Jul-01,34.56,36.62,34.56,36.62,325
25-Jul-01,37.90,38.40,35.38,36.62,2650
24-Jul-01,39.68,39.68,37.60,39.54,4525
23-Jul-01,36.82,38.56,36.00,38.56,2275
20-Jul-01,33.60,36.98,33.60,36.98,1125
19-Jul-01,30.88,35.02,30.88,33.60,22800
18-Jul-01,30.26,31.38,30.26,30.88,1850
17-Jul-01,30.40,31.38,30.40,31.38,300
16-Jul-01,28.62,31.18,28.62,31.02,1625
13-Jul-01,28.82,30.40,27.18,30.26,350
12-Jul-01,28.82,31.18,28.82,30.40,875
11-Jul-01,31.18,31.18,28.82,31.18,825
10-Jul-01,29.12,30.40,28.98,30.40,700
9-Jul-01,28.82,32.00,28.82,31.18,350
6-Jul-01,32.32,32.82,30.40,32.62,825
5-Jul-01,29.60,32.62,28.82,31.18,475
3-Jul-01,32.32,32.98,32.32,32.98,50
2-Jul-01,32.82,34.56,31.18,32.98,825
29-Jun-01,-,-,-,35.18,0
28-Jun-01,33.60,35.18,32.82,35.18,325
27-Jun-01,-,-,-,36.82,0
26-Jun-01,37.90,37.90,33.60,36.00,725
25-Jun-01,32.00,36.46,32.00,35.54,75
22-Jun-01,32.46,35.02,32.46,35.02,100
21-Jun-01,36.46,38.88,32.00,35.18,300
20-Jun-01,37.44,37.44,34.40,36.16,200
19-Jun-01,36.98,38.40,33.90,35.84,3475
18-Jun-01,36.00,39.68,36.00,38.40,350
15-Jun-01,40.32,40.32,39.18,40.16,850
14-Jun-01,40.00,40.62,39.18,40.16,1325
13-Jun-01,37.12,40.62,36.00,40.16,1750
12-Jun-01,36.82,37.60,35.54,37.44,400
11-Jun-01,35.02,37.60,35.02,37.60,25
8-Jun-01,35.02,37.60,35.02,37.60,125
7-Jun-01,37.90,38.56,34.88,36.82,500
6-Jun-01,35.18,38.40,35.18,35.84,525
5-Jun-01,35.02,38.72,34.72,38.72,1650
4-Jun-01,37.74,37.74,34.26,36.82,750
1-Jun-01,39.38,39.38,35.18,39.02,1200
31-May-01,36.82,39.84,36.82,39.84,50
30-May-01,39.18,40.62,37.12,39.54,450
29-May-01,41.60,41.60,39.18,41.18,100
25-May-01,40.32,40.98,39.18,40.98,725
24-May-01,39.54,40.00,38.40,40.00,850
23-May-01,39.18,40.00,36.98,39.54,625
22-May-01,39.18,40.46,36.98,39.84,525
21-May-01,40.00,40.82,36.16,38.26,650
18-May-01,42.40,42.40,36.16,40.00,800
17-May-01,41.12,44.00,41.12,42.26,250
16-May-01,35.18,40.00,34.40,39.68,1225
15-May-01,35.18,36.32,35.18,35.84,100
14-May-01,38.40,38.40,34.72,34.72,850
11-May-01,38.10,38.10,36.16,37.28,625
10-May-01,39.68,40.00,36.82,38.26,875
9-May-01,41.28,43.02,38.88,40.00,2075
8-May-01,43.54,44.82,41.28,43.54,2825
7-May-01,40.00,42.40,36.82,41.44,4075
4-May-01,40.82,40.82,38.40,40.00,925
3-May-01,44.82,45.90,40.82,41.74,625
2-May-01,39.18,49.12,38.40,45.60,6350
1-May-01,33.28,38.40,33.28,38.40,3600
30-Apr-01,31.18,34.10,31.18,33.44,2175
27-Apr-01,32.62,34.72,31.18,32.46,1100
26-Apr-01,32.00,35.54,32.00,35.54,900
25-Apr-01,32.00,35.18,31.02,34.10,725
24-Apr-01,33.44,36.00,32.00,35.18,375
23-Apr-01,34.26,34.26,32.82,33.74,1900
20-Apr-01,32.82,34.40,32.00,33.60,1750
19-Apr-01,31.84,32.82,31.68,32.82,2600
18-Apr-01,28.16,32.16,28.16,31.84,3025
17-Apr-01,31.18,31.68,25.60,30.40,3000
16-Apr-01,31.54,32.00,28.82,31.38,1150
12-Apr-01,29.60,35.18,29.60,32.00,375
11-Apr-01,32.82,33.90,28.98,32.62,1175
10-Apr-01,30.88,33.60,27.38,32.82,2850
9-Apr-01,32.98,32.98,30.88,31.68,700
6-Apr-01,31.84,33.28,30.88,32.98,550
5-Apr-01,31.18,32.32,26.72,32.32,1325
4-Apr-01,32.00,32.00,28.00,31.38,1625
3-Apr-01,32.62,32.62,30.40,30.56,675
2-Apr-01,32.82,34.26,29.90,32.00,2050
30-Mar-01,33.90,34.88,33.90,34.40,200
29-Mar-01,36.00,37.12,32.00,34.72,925
28-Mar-01,36.82,36.82,34.10,35.68,250
27-Mar-01,35.18,39.84,35.18,36.32,1950
26-Mar-01,40.00,40.00,36.00,36.00,975
23-Mar-01,33.50,44.00,33.50,39.01,325
22-Mar-01,37.50,39.01,34.00,36.00,2575
21-Mar-01,41.50,41.50,38.00,39.50,200
20-Mar-01,39.01,43.01,39.01,41.01,575
19-Mar-01,40.00,40.00,37.50,39.01,725
16-Mar-01,41.01,42.00,40.00,41.01,500
15-Mar-01,41.01,43.01,41.01,41.01,300
14-Mar-01,41.50,42.50,40.00,42.50,1200
13-Mar-01,42.00,46.00,40.50,41.01,1925
12-Mar-01,44.00,48.00,42.50,44.00,1400
9-Mar-01,48.50,48.50,42.50,48.00,2200
8-Mar-01,50.50,51.01,48.00,48.50,2300
7-Mar-01,51.01,53.01,48.00,51.01,2500
6-Mar-01,52.00,53.01,51.01,53.01,700
5-Mar-01,51.01,53.50,50.50,52.00,1100
2-Mar-01,50.50,52.00,50.50,52.00,925
1-Mar-01,50.00,56.00,50.00,54.00,1575
28-Feb-01,52.00,53.01,50.00,53.01,400
27-Feb-01,48.00,55.50,48.00,53.01,1250
26-Feb-01,51.01,55.50,48.00,53.01,2775
23-Feb-01,50.50,53.01,50.00,53.01,875
22-Feb-01,52.50,55.01,51.01,53.01,3700
21-Feb-01,54.50,56.00,54.00,55.01,1275
20-Feb-01,57.01,60.00,55.01,56.00,1925
16-Feb-01,60.00,61.01,55.01,58.00,1975
15-Feb-01,61.74,62.00,58.00,60.00,2400
14-Feb-01,52.00,62.00,49.50,61.01,14200
13-Feb-01,55.01,57.01,54.00,57.01,450
12-Feb-01,55.01,58.50,52.00,56.00,2175
9-Feb-01,56.00,56.50,53.01,55.50,2025
8-Feb-01,52.00,57.01,52.00,56.50,2625
7-Feb-01,50.50,56.00,50.50,53.01,1575
6-Feb-01,50.00,57.01,50.00,56.00,1850
5-Feb-01,56.00,57.01,51.01,54.00,5575
2-Feb-01,60.50,60.50,56.50,56.50,325
1-Feb-01,60.00,60.50,58.50,60.00,300
31-Jan-01,64.00,65.01,60.00,60.00,2325
30-Jan-01,56.50,66.75,53.50,62.50,8700
29-Jan-01,55.50,58.00,53.50,58.00,2300
26-Jan-01,54.50,59.01,48.00,58.00,3075
25-Jan-01,58.00,59.01,55.01,56.00,2150
24-Jan-01,56.00,63.01,56.00,62.00,5025
23-Jan-01,52.00,57.50,51.01,57.50,2875
22-Jan-01,58.00,58.50,55.01,58.50,4900
19-Jan-01,62.00,62.50,56.50,62.00,2225
18-Jan-01,57.01,64.00,57.01,62.00,5525
17-Jan-01,49.01,58.50,49.01,58.50,11600
16-Jan-01,48.00,52.00,46.00,51.01,3300
12-Jan-01,45.01,48.00,45.01,48.00,3750
11-Jan-01,37.01,48.00,37.01,45.50,9900
10-Jan-01,37.01,40.00,37.01,38.00,2825
9-Jan-01,38.00,39.01,35.01,39.01,5700
8-Jan-01,36.00,39.01,32.50,38.00,3550
5-Jan-01,38.00,42.00,36.00,36.00,1825
4-Jan-01,42.00,42.50,33.01,42.50,3225
3-Jan-01,35.01,42.00,35.01,41.01,4900
2-Jan-01,41.01,43.01,34.00,41.01,3900
29-Dec-00,47.01,47.01,43.01,46.00,9425
28-Dec-00,47.01,49.01,41.50,44.50,7050
27-Dec-00,50.00,51.01,45.01,50.00,5550
26-Dec-00,44.00,53.01,44.00,53.01,16100
22-Dec-00,45.01,52.00,44.00,52.00,4775
21-Dec-00,40.00,48.00,40.00,48.00,4200
20-Dec-00,48.00,49.01,40.00,49.01,18925
19-Dec-00,52.00,53.50,47.01,53.01,6400
18-Dec-00,57.01,57.01,50.50,53.50,3575
15-Dec-00,57.01,58.00,56.00,56.00,800
14-Dec-00,58.50,63.01,58.00,58.50,1250
13-Dec-00,62.00,65.01,58.50,62.00,2100
12-Dec-00,56.00,71.01,56.00,64.00,30575
11-Dec-00,57.50,60.00,54.50,60.00,4375
8-Dec-00,55.50,57.01,54.00,56.00,5375
7-Dec-00,53.01,56.00,53.01,56.00,5425
6-Dec-00,54.00,57.01,48.50,54.50,8850
5-Dec-00,53.01,58.50,51.01,56.00,4650
4-Dec-00,56.50,63.01,52.00,59.50,1850
1-Dec-00,53.50,63.01,52.00,62.50,1325
30-Nov-00,53.50,57.01,53.01,55.01,15575
29-Nov-00,64.00,64.00,56.00,59.01,4375
28-Nov-00,71.50,71.50,60.00,62.00,2100
27-Nov-00,76.00,77.01,72.00,73.01,4350
24-Nov-00,79.01,80.00,75.01,80.00,2125
22-Nov-00,79.50,85.01,75.01,79.01,2550
21-Nov-00,84.00,87.01,79.50,86.00,1800
20-Nov-00,89.01,89.01,84.26,88.00,350
17-Nov-00,87.01,89.01,82.00,89.01,1725
16-Nov-00,94.00,97.01,87.01,88.00,3125
15-Nov-00,92.00,96.00,88.00,96.00,6650
14-Nov-00,86.00,94.00,86.00,94.00,4075
13-Nov-00,83.01,88.00,83.01,88.00,2575
10-Nov-00,79.01,88.00,79.01,87.01,2675
9-Nov-00,87.01,89.01,82.00,89.01,6875
8-Nov-00,85.01,89.01,84.00,88.00,1325
7-Nov-00,80.50,89.01,80.00,86.00,3375
6-Nov-00,86.00,91.01,85.01,90.00,6375
3-Nov-00,83.50,86.00,83.50,85.01,1650
2-Nov-00,80.00,90.00,79.01,86.50,7750
1-Nov-00,78.00,83.01,78.00,80.00,5550
31-Oct-00,78.00,84.00,78.00,80.00,3825
30-Oct-00,75.01,79.01,74.00,79.01,1625
27-Oct-00,73.01,76.00,72.00,76.00,1325
26-Oct-00,72.00,75.50,72.00,75.01,1775
25-Oct-00,78.00,79.50,73.01,76.00,1550
24-Oct-00,80.00,80.00,72.00,77.01,3425
23-Oct-00,78.00,80.00,72.00,80.00,4850
20-Oct-00,81.01,84.00,80.00,82.00,1450
19-Oct-00,78.00,84.00,74.00,84.00,2450
18-Oct-00,78.50,78.50,69.01,75.01,725
17-Oct-00,78.00,90.00,78.00,80.00,3375
16-Oct-00,88.00,91.01,79.01,80.00,1550
13-Oct-00,68.00,91.01,65.01,90.00,11325
12-Oct-00,72.00,76.00,68.00,69.50,20950
11-Oct-00,80.00,83.01,77.01,80.00,6425
10-Oct-00,84.00,88.00,81.50,84.00,5275
9-Oct-00,89.50,93.01,85.01,93.01,1900
6-Oct-00,98.00,98.00,86.00,96.00,12250
5-Oct-00,102.50,103.01,96.00,96.00,4450
4-Oct-00,108.00,108.00,100.00,104.00,2050
3-Oct-00,102.50,108.00,102.50,108.00,11800
2-Oct-00,107.01,112.00,100.00,104.50,1725
29-Sep-00,108.00,112.00,107.01,110.00,875
28-Sep-00,107.01,109.01,107.01,107.01,2175
27-Sep-00,110.00,110.00,98.00,109.01,5250
26-Sep-00,106.00,111.01,105.01,111.01,3350
25-Sep-00,108.00,112.00,104.00,112.00,4025
22-Sep-00,107.01,110.00,104.00,110.00,1225
21-Sep-00,110.00,112.00,106.00,110.00,1775
20-Sep-00,108.00,113.01,108.00,112.00,1675
19-Sep-00,110.00,113.01,108.00,112.00,1000
18-Sep-00,113.01,116.00,101.01,111.74,5500
15-Sep-00,116.00,117.01,116.00,117.01,750
14-Sep-00,110.00,120.00,110.00,118.00,4275
13-Sep-00,110.26,118.00,109.50,112.00,5275
12-Sep-00,112.00,112.50,110.00,110.00,4125
11-Sep-00,115.01,116.00,112.00,112.00,5175
8-Sep-00,116.00,116.00,112.00,115.01,1950
7-Sep-00,117.01,120.00,115.01,115.01,1875
6-Sep-00,118.00,121.01,111.01,121.01,5125
5-Sep-00,119.50,122.75,115.50,120.00,2400
1-Sep-00,121.01,126.00,120.00,122.00,3500
31-Aug-00,122.00,125.25,122.00,124.50,2000
30-Aug-00,126.50,128.00,121.01,127.01,1450
29-Aug-00,128.00,132.00,126.00,127.01,2075
28-Aug-00,0.00,130.00,123.01,128.00,2925
25-Aug-00,124.00,124.00,122.00,123.50,1200
24-Aug-00,120.00,125.50,117.00,124.00,5500
23-Aug-00,0.00,120.00,113.50,120.00,5375
22-Aug-00,114.00,117.00,112.00,115.00,3925
21-Aug-00,116.50,119.50,113.00,119.50,5225
18-Aug-00,115.50,118.00,112.00,118.00,2375
17-Aug-00,117.00,119.00,110.50,114.00,3675
16-Aug-00,117.00,123.00,112.00,118.00,3300
15-Aug-00,119.00,120.00,115.00,116.00,2550
14-Aug-00,125.00,127.50,119.00,120.00,1600
11-Aug-00,126.50,127.50,125.00,127.50,50
10-Aug-00,128.00,128.00,125.00,125.00,350
9-Aug-00,127.00,130.00,126.50,126.50,950
8-Aug-00,125.00,132.50,125.00,126.00,1500
7-Aug-00,122.25,128.50,122.00,128.50,6400
4-Aug-00,120.00,122.00,120.00,121.00,1250
3-Aug-00,122.00,122.00,112.00,120.00,2250
2-Aug-00,123.50,127.50,123.00,126.00,1150
1-Aug-00,129.00,129.00,123.00,128.00,650
31-Jul-00,128.00,133.00,124.00,128.00,3550
28-Jul-00,128.00,134.00,124.50,130.00,2375
27-Jul-00,137.00,138.50,128.00,133.00,3550
26-Jul-00,142.00,142.00,136.00,137.00,1375
25-Jul-00,146.00,147.00,138.50,144.00,8725
24-Jul-00,169.00,171.00,146.50,153.00,14425
21-Jul-00,172.50,175.00,158.00,170.00,4125
20-Jul-00,159.00,175.00,159.00,170.00,26950
19-Jul-00,161.00,164.00,158.00,159.00,11050
18-Jul-00,161.00,165.00,155.00,163.00,20200
17-Jul-00,136.00,156.00,128.00,156.00,12775
14-Jul-00,137.00,147.00,136.00,144.00,4900
13-Jul-00,136.00,138.00,131.00,138.00,3500
12-Jul-00,130.00,136.00,126.50,136.00,3325
11-Jul-00,134.00,134.00,127.00,128.00,1425
10-Jul-00,126.00,132.00,124.00,132.00,2525
7-Jul-00,130.00,136.00,130.00,135.00,1375
6-Jul-00,130.00,136.00,130.00,136.00,475
5-Jul-00,132.00,138.00,130.00,138.00,1025
3-Jul-00,128.00,139.00,128.00,136.00,1375
30-Jun-00,143.00,143.00,130.00,132.00,1425
29-Jun-00,131.50,135.75,128.00,130.00,1150
28-Jun-00,136.75,140.00,130.00,135.00,1800
27-Jun-00,131.00,139.50,131.00,136.00,1375
26-Jun-00,131.00,136.00,126.00,136.00,2225
23-Jun-00,132.00,133.00,128.00,131.00,2375
22-Jun-00,137.00,137.00,131.00,132.00,1700
21-Jun-00,138.00,140.00,133.00,140.00,3100
20-Jun-00,134.00,140.00,125.00,138.00,1650
19-Jun-00,138.00,142.00,132.00,137.00,2775
16-Jun-00,138.00,142.00,137.00,142.00,1500
15-Jun-00,140.00,144.00,138.00,140.00,2025
14-Jun-00,142.50,147.00,142.00,142.00,3000
13-Jun-00,146.00,146.00,142.00,145.00,1275
12-Jun-00,142.00,148.00,140.00,146.00,3650
9-Jun-00,137.00,140.00,137.00,140.00,1775
8-Jun-00,142.00,142.00,134.00,136.00,4475
7-Jun-00,143.00,146.00,138.00,140.00,4950
6-Jun-00,144.00,146.00,139.50,142.00,4075
5-Jun-00,134.00,144.00,132.00,144.00,11000
2-Jun-00,125.00,136.00,125.00,134.00,14050
1-Jun-00,126.00,128.00,120.00,122.00,1275
31-May-00,128.00,130.00,121.00,126.00,3875
30-May-00,116.00,128.00,110.00,128.00,9500
26-May-00,111.00,116.00,107.00,112.00,7575
25-May-00,111.50,122.00,111.00,112.00,4400
24-May-00,126.00,128.00,102.00,114.00,10175
23-May-00,128.00,129.00,119.00,128.00,5350
22-May-00,134.00,134.00,122.00,128.00,5175
19-May-00,141.00,141.00,130.00,140.00,1775
18-May-00,142.50,144.00,136.00,141.00,1775
17-May-00,142.00,144.00,136.00,142.50,3700
16-May-00,129.00,143.00,129.00,139.00,4425
15-May-00,134.00,134.00,128.00,132.00,2600
12-May-00,130.50,137.00,130.00,133.50,825
11-May-00,130.00,136.00,129.00,136.00,1225
10-May-00,143.00,143.00,131.00,134.00,875
9-May-00,143.00,144.00,138.00,138.00,3825
8-May-00,145.00,145.00,133.00,142.00,3850
5-May-00,140.00,144.00,132.00,144.00,4675
4-May-00,144.00,145.50,133.00,138.00,3300
3-May-00,142.00,142.00,134.00,137.00,950
2-May-00,147.00,148.00,139.00,143.00,2250
1-May-00,144.00,149.00,144.00,148.00,5550
28-Apr-00,140.00,144.00,140.00,143.00,1050
27-Apr-00,142.00,144.00,138.00,142.00,1175
26-Apr-00,146.00,150.00,139.00,142.00,2850
25-Apr-00,138.00,149.00,138.00,144.00,1800
24-Apr-00,138.00,142.00,128.00,137.50,3900
20-Apr-00,146.00,148.00,138.00,146.00,1325
19-Apr-00,152.00,152.00,141.00,148.00,2775
18-Apr-00,128.00,152.00,126.00,152.00,6925
17-Apr-00,115.00,136.00,112.00,125.00,12800
14-Apr-00,133.00,142.00,114.00,121.00,16825
13-Apr-00,153.50,153.50,135.00,136.00,6825
12-Apr-00,154.00,160.00,143.00,144.00,5400
11-Apr-00,168.00,176.00,152.00,158.00,9125
10-Apr-00,190.00,190.00,166.00,169.00,8200
7-Apr-00,171.00,186.00,170.00,180.00,5225
6-Apr-00,158.00,186.00,157.50,165.00,16175
5-Apr-00,137.00,156.00,136.00,153.00,24400
4-Apr-00,143.50,150.00,107.00,141.00,40025
3-Apr-00,160.00,166.00,130.00,133.00,23050
31-Mar-00,160.00,167.00,158.00,160.00,26425
30-Mar-00,198.00,200.00,157.00,160.00,20250
29-Mar-00,214.00,214.00,199.00,201.00,11900
28-Mar-00,208.00,217.00,207.00,213.00,9575
27-Mar-00,208.00,213.00,203.00,203.00,12325
24-Mar-00,205.00,208.00,198.00,205.00,10050
23-Mar-00,212.00,220.00,202.00,206.00,7650
22-Mar-00,205.00,233.00,193.00,218.00,13100
21-Mar-00,212.00,213.50,193.00,208.00,10950
20-Mar-00,246.00,246.00,213.00,218.00,9575
17-Mar-00,232.00,242.00,228.00,240.00,4100
16-Mar-00,226.00,235.00,220.00,232.00,5425
15-Mar-00,242.00,242.00,221.00,228.00,10600
14-Mar-00,256.00,257.00,238.00,242.00,6600
13-Mar-00,257.00,257.00,244.00,250.00,10375
10-Mar-00,271.00,281.00,263.00,270.00,5275
9-Mar-00,252.00,271.00,240.00,269.00,14525
8-Mar-00,248.00,252.00,218.00,231.00,18825
7-Mar-00,288.00,288.00,236.00,242.00,22550
6-Mar-00,0.00,295.00,280.00,282.00,17400
3-Mar-00,0.00,288.00,281.00,285.00,11100
2-Mar-00,0.00,298.00,280.00,281.00,14525
1-Mar-00,0.00,296.00,282.00,284.00,15725
29-Feb-00,256.00,282.00,256.00,278.00,29450
28-Feb-00,232.00,247.00,226.00,247.00,38950
25-Feb-00,232.00,237.00,224.00,230.00,11600
24-Feb-00,243.00,247.00,226.00,228.00,15775
23-Feb-00,234.00,242.00,230.00,230.00,28150
22-Feb-00,206.00,230.00,206.00,225.00,34275
18-Feb-00,208.00,215.00,194.00,200.00,7425
17-Feb-00,214.00,220.00,206.00,208.00,13950
16-Feb-00,202.00,222.00,200.00,207.00,27325
15-Feb-00,216.00,218.00,195.00,197.00,19450
14-Feb-00,192.00,224.00,188.00,208.00,67250
11-Feb-00,192.00,196.00,179.00,184.00,25250
10-Feb-00,162.25,188.00,162.00,188.00,41800
9-Feb-00,158.00,169.00,150.00,158.00,23425
8-Feb-00,136.00,150.00,136.00,148.00,17375
7-Feb-00,128.00,135.00,126.00,135.00,6625
4-Feb-00,128.00,132.00,124.00,128.00,1425
3-Feb-00,128.00,130.00,126.00,127.00,3125
2-Feb-00,124.75,131.00,120.00,123.25,3300
1-Feb-00,123.00,123.00,120.00,123.00,1875
31-Jan-00,124.00,124.00,116.00,120.00,3750
28-Jan-00,131.00,133.50,114.00,120.00,4150
27-Jan-00,138.00,138.00,128.00,132.00,3925
26-Jan-00,140.00,143.00,136.00,137.00,13275
25-Jan-00,134.00,145.00,134.00,138.00,15725
24-Jan-00,135.00,144.00,130.00,137.00,21325
21-Jan-00,135.00,140.00,132.00,136.00,8300
20-Jan-00,128.50,136.00,126.50,135.00,8750
19-Jan-00,115.75,135.00,114.50,127.50,13675
18-Jan-00,106.00,118.00,104.00,118.00,13750
14-Jan-00,112.00,116.00,107.00,108.00,5650
13-Jan-00,119.00,119.00,108.00,112.00,7475
12-Jan-00,118.00,120.00,114.00,116.00,4750
11-Jan-00,122.50,125.00,117.00,118.00,6425
10-Jan-00,119.00,123.00,117.00,122.00,4525
7-Jan-00,122.00,124.00,117.00,121.00,3700
6-Jan-00,122.50,124.00,120.00,121.00,5375
5-Jan-00,124.00,129.00,120.00,121.00,5900
4-Jan-00,137.00,137.00,126.00,126.00,4375
3-Jan-00,136.00,146.00,134.00,138.00,16750
