Date,Open,High,Low,Close,Volume
31-Dec-13,1.27,1.28,1.22,1.23,630868
30-Dec-13,1.26,1.30,1.22,1.26,661207
27-Dec-13,1.30,1.33,1.23,1.28,965052
26-Dec-13,1.31,1.34,1.28,1.32,519225
24-Dec-13,1.29,1.32,1.26,1.31,514325
23-Dec-13,1.23,1.29,1.23,1.28,654133
20-Dec-13,1.22,1.25,1.22,1.25,603471
19-Dec-13,1.22,1.24,1.21,1.22,311602
18-Dec-13,1.22,1.26,1.22,1.22,272300
17-Dec-13,1.24,1.25,1.22,1.23,280998
16-Dec-13,1.20,1.24,1.19,1.24,517299
13-Dec-13,1.18,1.21,1.17,1.21,310171
12-Dec-13,1.20,1.21,1.18,1.19,316717
11-Dec-13,1.20,1.23,1.20,1.20,484631
10-Dec-13,1.27,1.28,1.21,1.23,741651
9-Dec-13,1.20,1.27,1.17,1.27,1485246
6-Dec-13,1.18,1.20,1.17,1.20,459991
5-Dec-13,1.17,1.19,1.17,1.17,278966
4-Dec-13,1.19,1.19,1.17,1.18,278779
3-Dec-13,1.18,1.21,1.17,1.20,541057
2-Dec-13,1.21,1.23,1.19,1.22,442511
29-Nov-13,1.23,1.23,1.20,1.20,179544
27-Nov-13,1.21,1.23,1.20,1.22,344538
26-Nov-13,1.22,1.23,1.21,1.21,230559
25-Nov-13,1.20,1.23,1.20,1.21,399527
22-Nov-13,1.21,1.22,1.18,1.21,478960
21-Nov-13,1.21,1.22,1.18,1.20,665713
20-Nov-13,1.25,1.25,1.21,1.21,404448
19-Nov-13,1.21,1.24,1.20,1.23,177903
18-Nov-13,1.26,1.27,1.21,1.21,313085
15-Nov-13,1.24,1.25,1.21,1.25,679047
14-Nov-13,1.24,1.25,1.21,1.22,444569
13-Nov-13,1.25,1.28,1.23,1.25,351854
12-Nov-13,1.23,1.27,1.21,1.26,811366
11-Nov-13,1.22,1.24,1.19,1.20,378701
8-Nov-13,1.21,1.23,1.16,1.22,892293
7-Nov-13,1.35,1.37,1.16,1.20,1769011
6-Nov-13,1.35,1.35,1.22,1.23,1151778
5-Nov-13,1.37,1.37,1.33,1.35,426916
4-Nov-13,1.33,1.37,1.33,1.35,333699
1-Nov-13,1.37,1.37,1.31,1.33,292681
31-Oct-13,1.35,1.37,1.30,1.33,864682
30-Oct-13,1.40,1.40,1.34,1.34,842853
29-Oct-13,1.42,1.42,1.37,1.38,426194
28-Oct-13,1.40,1.42,1.39,1.39,323044
25-Oct-13,1.38,1.41,1.36,1.39,438510
24-Oct-13,1.39,1.39,1.35,1.39,1120385
23-Oct-13,1.43,1.43,1.37,1.37,1137772
22-Oct-13,1.45,1.46,1.40,1.41,860444
21-Oct-13,1.50,1.50,1.41,1.44,1246032
18-Oct-13,1.50,1.50,1.43,1.47,1278060
17-Oct-13,1.41,1.49,1.40,1.49,1962012
16-Oct-13,1.40,1.43,1.39,1.42,1228854
15-Oct-13,1.41,1.43,1.38,1.38,1027946
14-Oct-13,1.43,1.43,1.39,1.41,863229
11-Oct-13,1.46,1.47,1.42,1.43,985946
10-Oct-13,1.47,1.47,1.42,1.44,1264980
9-Oct-13,1.45,1.46,1.38,1.40,1135209
8-Oct-13,1.49,1.50,1.40,1.43,1565994
7-Oct-13,1.53,1.54,1.46,1.48,1040396
4-Oct-13,1.52,1.55,1.50,1.52,1502682
3-Oct-13,1.45,1.50,1.45,1.50,1947314
2-Oct-13,1.43,1.49,1.37,1.47,13738798
1-Oct-13,1.68,1.72,1.66,1.68,426788
30-Sep-13,1.72,1.73,1.68,1.68,560284
27-Sep-13,1.77,1.78,1.71,1.76,417797
26-Sep-13,1.80,1.81,1.77,1.79,307670
25-Sep-13,1.83,1.84,1.77,1.79,678758
24-Sep-13,1.69,1.84,1.69,1.81,1108302
23-Sep-13,1.69,1.75,1.67,1.67,378796
20-Sep-13,1.76,1.78,1.68,1.69,544279
19-Sep-13,1.77,1.78,1.75,1.77,253439
18-Sep-13,1.76,1.79,1.74,1.77,570449
17-Sep-13,1.81,1.83,1.72,1.74,622996
16-Sep-13,1.75,1.82,1.72,1.79,1777268
13-Sep-13,1.72,1.74,1.70,1.73,402209
12-Sep-13,1.65,1.75,1.63,1.69,1331377
11-Sep-13,1.67,1.69,1.61,1.61,323420
10-Sep-13,1.67,1.67,1.64,1.66,278007
9-Sep-13,1.60,1.69,1.60,1.67,680678
6-Sep-13,1.59,1.62,1.58,1.59,250828
5-Sep-13,1.59,1.63,1.57,1.60,104964
4-Sep-13,1.59,1.60,1.56,1.59,300784
3-Sep-13,1.57,1.60,1.57,1.59,94311
30-Aug-13,1.61,1.61,1.56,1.56,192614
29-Aug-13,1.62,1.63,1.59,1.60,300915
28-Aug-13,1.64,1.64,1.60,1.61,168059
27-Aug-13,1.66,1.66,1.62,1.64,294643
26-Aug-13,1.69,1.69,1.66,1.68,124615
23-Aug-13,1.65,1.69,1.65,1.69,313224
22-Aug-13,1.66,1.68,1.64,1.66,170214
21-Aug-13,1.66,1.69,1.66,1.68,105806
20-Aug-13,1.70,1.70,1.66,1.67,87648
19-Aug-13,1.69,1.70,1.66,1.68,55944
16-Aug-13,1.69,1.70,1.66,1.70,162147
15-Aug-13,1.70,1.71,1.65,1.67,275813
14-Aug-13,1.71,1.71,1.68,1.70,137306
13-Aug-13,1.66,1.78,1.66,1.69,635586
12-Aug-13,1.70,1.71,1.66,1.67,100139
9-Aug-13,1.70,1.72,1.67,1.71,226994
8-Aug-13,1.77,1.77,1.67,1.70,315181
7-Aug-13,1.70,1.77,1.68,1.74,272665
6-Aug-13,1.73,1.75,1.70,1.71,321973
5-Aug-13,1.83,1.83,1.70,1.72,619564
2-Aug-13,1.64,1.78,1.63,1.78,1447379
1-Aug-13,1.64,1.64,1.60,1.63,165056
31-Jul-13,1.62,1.64,1.58,1.64,183224
30-Jul-13,1.63,1.65,1.58,1.60,287463
29-Jul-13,1.62,1.63,1.58,1.59,179359
26-Jul-13,1.61,1.63,1.59,1.61,256187
25-Jul-13,1.64,1.64,1.60,1.60,194880
24-Jul-13,1.66,1.79,1.60,1.64,1190486
23-Jul-13,1.64,1.70,1.64,1.65,331290
22-Jul-13,1.63,1.65,1.62,1.65,132803
19-Jul-13,1.65,1.65,1.63,1.64,94139
18-Jul-13,1.64,1.66,1.64,1.64,119650
17-Jul-13,1.67,1.68,1.63,1.66,178226
16-Jul-13,1.64,1.68,1.63,1.67,352777
15-Jul-13,1.64,1.65,1.63,1.63,162065
12-Jul-13,1.69,1.69,1.62,1.64,292385
11-Jul-13,1.72,1.72,1.66,1.68,162282
10-Jul-13,1.67,1.70,1.64,1.69,201633
9-Jul-13,1.66,1.69,1.63,1.66,286961
8-Jul-13,1.66,1.69,1.63,1.68,231105
5-Jul-13,1.70,1.70,1.64,1.67,137185
3-Jul-13,1.69,1.70,1.64,1.69,160917
2-Jul-13,1.69,1.69,1.62,1.68,315847
1-Jul-13,1.63,1.72,1.55,1.67,635741
28-Jun-13,1.43,1.75,1.42,1.65,1387662
27-Jun-13,1.47,1.49,1.40,1.44,350418
26-Jun-13,1.50,1.52,1.45,1.45,372391
25-Jun-13,1.52,1.59,1.47,1.48,504526
24-Jun-13,1.61,1.63,1.50,1.52,905811
21-Jun-13,1.62,1.71,1.60,1.62,544734
20-Jun-13,1.68,1.72,1.60,1.62,743991
19-Jun-13,1.75,1.79,1.68,1.68,687939
18-Jun-13,1.75,1.77,1.71,1.77,344539
17-Jun-13,1.73,1.79,1.71,1.72,612725
14-Jun-13,1.76,1.79,1.73,1.73,265786
13-Jun-13,1.78,1.80,1.75,1.77,281641
12-Jun-13,1.84,1.84,1.78,1.81,163834
11-Jun-13,1.83,1.85,1.81,1.82,148859
10-Jun-13,1.86,1.86,1.81,1.82,117862
7-Jun-13,1.85,1.86,1.81,1.84,157200
6-Jun-13,1.85,1.85,1.80,1.84,241911
5-Jun-13,1.86,1.87,1.81,1.83,212986
4-Jun-13,1.82,1.86,1.82,1.86,553598
3-Jun-13,1.79,1.81,1.75,1.78,349552
31-May-13,1.77,1.81,1.74,1.76,237343
30-May-13,1.78,1.80,1.74,1.76,168111
29-May-13,1.77,1.81,1.72,1.74,475012
28-May-13,1.84,1.85,1.77,1.79,283502
24-May-13,1.90,1.90,1.82,1.83,358804
23-May-13,1.86,1.88,1.82,1.88,240459
22-May-13,1.88,1.89,1.82,1.87,294382
21-May-13,1.92,1.93,1.86,1.86,387369
20-May-13,1.95,1.95,1.89,1.90,403123
17-May-13,1.88,1.93,1.87,1.93,517740
16-May-13,1.88,1.94,1.87,1.87,1087986
15-May-13,1.80,1.85,1.76,1.84,312062
14-May-13,1.80,1.85,1.76,1.82,546512
13-May-13,1.84,1.85,1.81,1.82,309221
10-May-13,1.91,1.92,1.83,1.86,335509
9-May-13,1.90,1.90,1.81,1.90,565063
8-May-13,1.90,1.92,1.86,1.89,607693
7-May-13,1.79,1.90,1.79,1.88,1194433
6-May-13,1.78,1.80,1.76,1.78,294198
3-May-13,1.76,1.78,1.76,1.77,261677
2-May-13,1.74,1.76,1.70,1.76,308251
1-May-13,1.71,1.73,1.67,1.68,122101
30-Apr-13,1.77,1.77,1.69,1.69,188405
29-Apr-13,1.77,1.79,1.72,1.73,215555
26-Apr-13,1.70,1.77,1.69,1.74,301517
25-Apr-13,1.66,1.73,1.66,1.68,295803
24-Apr-13,1.67,1.67,1.65,1.66,157389
23-Apr-13,1.65,1.68,1.64,1.67,178673
22-Apr-13,1.64,1.65,1.62,1.64,160497
19-Apr-13,1.65,1.66,1.63,1.64,190254
18-Apr-13,1.70,1.70,1.62,1.65,228873
17-Apr-13,1.70,1.70,1.65,1.68,223307
16-Apr-13,1.72,1.72,1.65,1.70,240182
15-Apr-13,1.74,1.77,1.67,1.68,237809
12-Apr-13,1.77,1.78,1.72,1.73,237641
11-Apr-13,1.85,1.87,1.74,1.77,782318
10-Apr-13,1.70,1.71,1.65,1.71,150309
9-Apr-13,1.62,1.75,1.62,1.68,524111
8-Apr-13,1.63,1.64,1.60,1.62,150749
5-Apr-13,1.65,1.66,1.61,1.65,252358
4-Apr-13,1.69,1.71,1.65,1.67,185212
3-Apr-13,1.71,1.72,1.65,1.71,379683
2-Apr-13,1.76,1.76,1.68,1.72,297518
1-Apr-13,1.71,1.74,1.69,1.74,318991
28-Mar-13,1.73,1.74,1.72,1.73,121166
27-Mar-13,1.75,1.76,1.72,1.74,142296
26-Mar-13,1.75,1.80,1.73,1.77,112883
25-Mar-13,1.81,1.81,1.75,1.75,123033
22-Mar-13,1.75,1.79,1.72,1.79,158020
21-Mar-13,1.76,1.77,1.73,1.75,269940
20-Mar-13,1.78,1.81,1.75,1.76,207018
19-Mar-13,1.80,1.81,1.75,1.78,247154
18-Mar-13,1.80,1.82,1.73,1.82,320335
15-Mar-13,1.84,1.84,1.76,1.80,357043
14-Mar-13,1.80,1.85,1.78,1.82,254583
13-Mar-13,1.77,1.81,1.76,1.80,145282
12-Mar-13,1.81,1.82,1.75,1.78,173491
11-Mar-13,1.84,1.84,1.79,1.82,200601
8-Mar-13,1.82,1.84,1.81,1.82,286497
7-Mar-13,1.79,1.85,1.78,1.80,324366
6-Mar-13,1.81,1.85,1.79,1.79,201015
5-Mar-13,1.79,1.88,1.79,1.81,581489
4-Mar-13,1.70,1.79,1.70,1.77,437865
1-Mar-13,1.71,1.74,1.70,1.70,154062
28-Feb-13,1.73,1.75,1.71,1.71,218901
27-Feb-13,1.75,1.77,1.71,1.73,193994
26-Feb-13,1.75,1.80,1.73,1.75,256258
25-Feb-13,1.77,1.83,1.74,1.75,340487
22-Feb-13,1.83,1.84,1.75,1.77,286433
21-Feb-13,1.85,1.91,1.80,1.80,591359
20-Feb-13,1.96,1.96,1.86,1.87,559462
19-Feb-13,1.92,1.98,1.91,1.98,887232
15-Feb-13,1.99,1.99,1.88,1.95,785590
14-Feb-13,1.95,1.98,1.85,1.98,1071973
13-Feb-13,1.98,1.98,1.84,1.92,2299030
12-Feb-13,2.08,2.13,1.93,1.99,10202853
11-Feb-13,1.64,1.67,1.61,1.64,304572
8-Feb-13,1.67,1.69,1.64,1.68,162356
7-Feb-13,1.70,1.71,1.63,1.65,590754
6-Feb-13,1.70,1.72,1.68,1.71,230105
5-Feb-13,1.69,1.72,1.62,1.71,425243
4-Feb-13,1.71,1.72,1.64,1.69,206328
1-Feb-13,1.68,1.70,1.64,1.70,256438
31-Jan-13,1.66,1.71,1.62,1.66,490374
30-Jan-13,1.71,1.73,1.68,1.68,231289
29-Jan-13,1.74,1.79,1.71,1.72,424606
28-Jan-13,1.67,1.74,1.67,1.74,271740
25-Jan-13,1.68,1.72,1.67,1.69,152227
24-Jan-13,1.74,1.74,1.68,1.69,199932
23-Jan-13,1.69,1.74,1.68,1.74,357747
22-Jan-13,1.72,1.72,1.65,1.68,453783
18-Jan-13,1.74,1.74,1.70,1.72,164774
17-Jan-13,1.73,1.75,1.70,1.73,212623
16-Jan-13,1.75,1.80,1.70,1.72,216284
15-Jan-13,1.69,1.76,1.69,1.75,231518
14-Jan-13,1.76,1.76,1.69,1.73,276835
11-Jan-13,1.79,1.79,1.69,1.76,497781
10-Jan-13,1.80,1.81,1.76,1.78,301577
9-Jan-13,1.76,1.82,1.75,1.81,202573
8-Jan-13,1.86,1.87,1.79,1.79,370603
7-Jan-13,1.68,1.86,1.68,1.86,779993
4-Jan-13,1.70,1.73,1.68,1.70,260709
3-Jan-13,1.72,1.72,1.66,1.68,227532
2-Jan-13,1.78,1.78,1.68,1.71,518772
31-Dec-12,1.50,1.63,1.50,1.63,443284
28-Dec-12,1.51,1.53,1.50,1.52,401445
27-Dec-12,1.55,1.57,1.52,1.55,202803
26-Dec-12,1.57,1.57,1.55,1.56,218568
24-Dec-12,1.63,1.63,1.57,1.58,87874
21-Dec-12,1.56,1.62,1.55,1.62,523038
20-Dec-12,1.63,1.67,1.56,1.60,610844
19-Dec-12,1.71,1.73,1.60,1.63,859710
18-Dec-12,1.75,1.79,1.72,1.73,306310
17-Dec-12,1.80,1.80,1.75,1.75,307964
14-Dec-12,1.79,1.82,1.77,1.79,207973
13-Dec-12,1.80,1.81,1.77,1.81,187755
12-Dec-12,1.79,1.81,1.77,1.81,395156
11-Dec-12,1.78,1.80,1.75,1.78,291518
10-Dec-12,1.82,1.84,1.75,1.78,313414
7-Dec-12,1.81,1.87,1.77,1.85,313691
6-Dec-12,1.81,1.84,1.79,1.81,181000
5-Dec-12,1.82,1.86,1.78,1.82,285984
4-Dec-12,1.90,1.91,1.81,1.83,274034
3-Dec-12,1.80,1.88,1.80,1.88,498125
30-Nov-12,1.82,1.84,1.77,1.80,350188
29-Nov-12,1.81,1.84,1.80,1.81,377783
28-Nov-12,1.88,1.89,1.78,1.79,757809
27-Nov-12,1.91,1.93,1.87,1.90,553761
26-Nov-12,1.88,1.98,1.85,1.93,604380
23-Nov-12,1.87,1.90,1.84,1.90,194628
21-Nov-12,1.82,1.89,1.82,1.88,583799
20-Nov-12,1.85,1.85,1.77,1.85,365812
19-Nov-12,1.75,1.85,1.73,1.83,559990
16-Nov-12,1.73,1.77,1.66,1.74,734766
15-Nov-12,1.77,1.80,1.70,1.73,732209
14-Nov-12,1.80,1.82,1.75,1.80,328075
13-Nov-12,1.84,1.84,1.72,1.80,622890
12-Nov-12,1.76,1.85,1.66,1.77,1207730
9-Nov-12,1.90,1.90,1.75,1.76,1496517
8-Nov-12,2.00,2.00,1.92,1.94,510888
7-Nov-12,1.97,2.03,1.87,1.94,796677
6-Nov-12,2.00,2.02,1.93,2.00,804967
5-Nov-12,2.00,2.01,1.91,1.92,701855
2-Nov-12,2.05,2.07,1.95,2.00,908460
1-Nov-12,2.05,2.10,2.01,2.05,538361
31-Oct-12,2.08,2.13,2.00,2.04,774995
26-Oct-12,2.13,2.13,1.99,2.08,1308521
25-Oct-12,2.15,2.17,2.04,2.08,1110911
24-Oct-12,2.18,2.18,2.08,2.14,702594
23-Oct-12,2.15,2.17,2.07,2.14,1149200
22-Oct-12,2.19,2.24,2.14,2.19,707213
19-Oct-12,2.19,2.21,2.12,2.20,1369906
18-Oct-12,2.31,2.37,2.16,2.21,2368913
17-Oct-12,2.44,2.50,2.31,2.33,3015585
16-Oct-12,2.30,2.41,2.25,2.40,3913821
15-Oct-12,2.18,2.30,2.15,2.25,2995615
12-Oct-12,2.10,2.22,2.08,2.18,2861036
11-Oct-12,2.04,2.07,2.02,2.02,817202
10-Oct-12,2.04,2.12,2.02,2.02,1188365
9-Oct-12,2.04,2.13,2.01,2.04,2158713
8-Oct-12,2.10,2.13,2.02,2.04,1365249
5-Oct-12,2.24,2.26,2.11,2.13,1378355
4-Oct-12,2.15,2.29,2.15,2.21,4748943
3-Oct-12,2.02,2.16,1.98,2.11,2184108
2-Oct-12,2.03,2.06,1.98,2.03,586918
1-Oct-12,2.06,2.09,1.97,2.03,1357077
28-Sep-12,2.06,2.13,2.01,2.06,1592003
27-Sep-12,1.97,2.27,1.93,2.12,10895117
26-Sep-12,1.98,2.01,1.91,1.93,866246
25-Sep-12,1.99,2.07,1.94,1.98,1404531
24-Sep-12,2.00,2.01,1.88,1.94,1066078
21-Sep-12,2.00,2.04,1.95,2.02,1337930
20-Sep-12,2.06,2.16,1.92,2.01,2761489
19-Sep-12,1.96,2.08,1.96,2.02,1190293
18-Sep-12,1.91,2.03,1.90,1.99,868100
17-Sep-12,2.01,2.03,1.92,1.95,1326018
14-Sep-12,2.10,2.10,2.00,2.05,1274468
13-Sep-12,2.06,2.18,2.05,2.08,2044113
12-Sep-12,1.93,2.12,1.90,2.09,2793748
11-Sep-12,1.90,2.02,1.79,1.90,2522306
10-Sep-12,2.07,2.07,1.88,1.92,2613316
7-Sep-12,2.11,2.14,2.00,2.07,1678765
6-Sep-12,2.26,2.28,2.09,2.12,4784463
5-Sep-12,2.23,2.25,1.96,2.13,4565223
4-Sep-12,2.51,2.67,2.18,2.20,13801003
31-Aug-12,2.10,2.24,2.05,2.17,9976177
30-Aug-12,1.63,2.03,1.58,1.96,7669187
29-Aug-12,1.61,1.61,1.52,1.61,542529
28-Aug-12,1.65,1.65,1.51,1.56,696931
27-Aug-12,1.67,1.68,1.60,1.65,518098
24-Aug-12,1.69,1.70,1.60,1.68,964485
23-Aug-12,1.55,1.75,1.52,1.65,2722512
22-Aug-12,1.52,1.55,1.41,1.46,825461
21-Aug-12,1.50,1.58,1.50,1.55,563593
20-Aug-12,1.55,1.55,1.45,1.55,1305902
17-Aug-12,1.62,1.67,1.57,1.63,508400
16-Aug-12,1.67,1.70,1.62,1.62,612099
15-Aug-12,1.66,1.73,1.65,1.70,406880
14-Aug-12,1.77,1.82,1.58,1.69,1195582
13-Aug-12,1.76,1.85,1.75,1.78,632955
10-Aug-12,1.78,1.87,1.77,1.77,1082403
9-Aug-12,1.69,1.84,1.68,1.77,1435986
8-Aug-12,1.66,1.73,1.65,1.67,576776
7-Aug-12,1.83,1.83,1.67,1.70,1025910
6-Aug-12,1.82,1.84,1.76,1.79,648669
3-Aug-12,1.83,1.84,1.67,1.74,1154420
2-Aug-12,1.94,1.94,1.55,1.70,1903030
1-Aug-12,1.90,1.94,1.80,1.86,1184894
31-Jul-12,1.83,1.96,1.79,1.79,2583370
30-Jul-12,1.84,1.88,1.73,1.77,1588700
27-Jul-12,2.10,2.10,1.80,1.88,4187328
26-Jul-12,2.06,2.13,1.70,1.78,3459511
25-Jul-12,2.15,2.31,1.96,2.05,8121212
24-Jul-12,1.88,2.19,1.85,2.08,9607717
23-Jul-12,1.56,2.26,1.40,1.89,11913024
20-Jul-12,1.41,1.68,1.31,1.55,6419853
19-Jul-12,1.45,1.52,1.28,1.40,3074862
18-Jul-12,1.79,1.84,1.36,1.49,11114679
17-Jul-12,1.08,1.82,1.08,1.80,16951198
16-Jul-12,0.90,0.93,0.87,0.87,402864
13-Jul-12,0.89,0.90,0.88,0.90,216865
12-Jul-12,0.82,0.89,0.82,0.89,299149
11-Jul-12,0.83,0.88,0.82,0.84,65057
10-Jul-12,0.86,0.86,0.83,0.84,96599
9-Jul-12,0.89,0.89,0.86,0.86,106598
6-Jul-12,0.82,0.90,0.82,0.88,406332
5-Jul-12,0.83,0.85,0.80,0.82,104067
3-Jul-12,0.82,0.85,0.80,0.82,83531
2-Jul-12,0.84,0.84,0.81,0.82,67183
29-Jun-12,0.81,0.84,0.78,0.81,134072
28-Jun-12,0.80,0.84,0.78,0.80,50394
27-Jun-12,0.80,0.83,0.78,0.81,94040
26-Jun-12,0.78,0.82,0.78,0.81,116950
25-Jun-12,0.84,0.85,0.76,0.78,247125
22-Jun-12,0.79,0.89,0.78,0.83,172887
21-Jun-12,0.85,0.95,0.82,0.82,1215757
20-Jun-12,0.68,0.85,0.68,0.81,520662
19-Jun-12,0.62,0.67,0.62,0.67,98729
18-Jun-12,0.68,0.68,0.62,0.62,97408
15-Jun-12,0.63,0.68,0.62,0.68,43668
14-Jun-12,0.64,0.67,0.62,0.65,61182
13-Jun-12,0.66,0.70,0.61,0.64,123166
12-Jun-12,0.67,0.69,0.64,0.68,35932
11-Jun-12,0.69,0.71,0.65,0.67,85425
8-Jun-12,0.70,0.70,0.67,0.68,80595
7-Jun-12,0.68,0.69,0.62,0.67,58370
6-Jun-12,0.63,0.70,0.63,0.67,292925
5-Jun-12,0.60,0.64,0.60,0.60,128574
4-Jun-12,0.68,0.71,0.59,0.60,489046
1-Jun-12,0.71,0.74,0.68,0.68,68047
31-May-12,0.70,0.74,0.68,0.71,91510
30-May-12,0.70,0.74,0.68,0.68,129465
29-May-12,0.75,0.75,0.72,0.72,76947
25-May-12,0.74,0.75,0.71,0.73,81006
24-May-12,0.71,0.74,0.71,0.74,64327
23-May-12,0.69,0.74,0.69,0.72,176663
22-May-12,0.78,0.79,0.68,0.72,657383
21-May-12,0.76,0.80,0.76,0.76,206606
18-May-12,0.78,0.88,0.77,0.80,465585
17-May-12,0.89,0.93,0.79,0.80,472745
16-May-12,0.88,0.88,0.82,0.85,157720
15-May-12,0.89,0.95,0.82,0.85,365250
14-May-12,0.90,0.90,0.88,0.88,76709
11-May-12,0.92,0.92,0.89,0.89,115938
10-May-12,0.93,0.94,0.91,0.91,95423
9-May-12,0.91,0.93,0.89,0.92,115409
8-May-12,0.92,0.93,0.90,0.91,133942
7-May-12,0.92,0.93,0.92,0.92,80423
4-May-12,0.94,0.94,0.92,0.92,189558
3-May-12,0.93,0.96,0.93,0.93,225160
2-May-12,0.96,0.96,0.93,0.94,156400
1-May-12,0.94,0.96,0.94,0.94,132219
30-Apr-12,0.94,0.96,0.93,0.95,146125
27-Apr-12,0.94,0.96,0.93,0.94,78199
26-Apr-12,0.93,0.96,0.93,0.94,58325
25-Apr-12,0.93,0.97,0.93,0.93,74916
24-Apr-12,0.96,0.98,0.93,0.94,257072
23-Apr-12,0.96,0.96,0.93,0.96,60502
20-Apr-12,0.93,0.95,0.93,0.95,84489
19-Apr-12,0.93,0.95,0.93,0.93,73089
18-Apr-12,0.93,0.96,0.92,0.93,38567
17-Apr-12,0.95,0.96,0.92,0.93,55558
16-Apr-12,0.94,0.96,0.91,0.94,158508
13-Apr-12,0.97,0.97,0.93,0.94,70560
12-Apr-12,0.96,0.96,0.92,0.93,136352
11-Apr-12,0.91,0.94,0.89,0.94,189826
10-Apr-12,0.95,0.95,0.88,0.88,261607
9-Apr-12,0.95,0.97,0.89,0.92,268396
5-Apr-12,0.98,0.98,0.93,0.95,192689
4-Apr-12,0.93,0.97,0.93,0.95,307522
3-Apr-12,1.05,1.05,0.90,0.93,947296
2-Apr-12,1.08,1.11,1.02,1.02,1307035
30-Mar-12,1.02,1.12,1.01,1.11,1248881
29-Mar-12,1.05,1.05,1.00,1.00,292337
28-Mar-12,1.06,1.06,1.04,1.05,130450
27-Mar-12,1.05,1.07,1.04,1.07,217474
26-Mar-12,1.06,1.06,1.03,1.04,187389
23-Mar-12,1.04,1.06,1.03,1.05,303747
22-Mar-12,1.05,1.06,1.03,1.06,186109
21-Mar-12,1.06,1.08,1.04,1.04,287878
20-Mar-12,1.08,1.10,1.06,1.06,302180
19-Mar-12,1.11,1.11,1.05,1.07,263608
16-Mar-12,1.06,1.10,1.06,1.10,439248
15-Mar-12,1.08,1.09,1.05,1.08,326519
14-Mar-12,1.11,1.11,1.05,1.07,317418
13-Mar-12,1.09,1.10,1.06,1.10,508200
12-Mar-12,1.10,1.10,1.06,1.08,404267
9-Mar-12,1.05,1.12,1.05,1.05,911673
8-Mar-12,1.04,1.06,1.04,1.04,86656
7-Mar-12,1.04,1.05,1.03,1.04,135293
6-Mar-12,1.05,1.05,1.02,1.02,330679
5-Mar-12,1.07,1.09,1.03,1.04,484973
2-Mar-12,1.10,1.11,1.06,1.07,470857
1-Mar-12,1.12,1.17,1.10,1.10,1099615
29-Feb-12,1.06,1.13,1.04,1.10,1170821
28-Feb-12,1.10,1.10,1.05,1.06,266658
27-Feb-12,1.09,1.09,1.03,1.06,358188
24-Feb-12,1.05,1.07,1.01,1.06,226086
23-Feb-12,1.03,1.06,1.02,1.04,264740
22-Feb-12,1.08,1.08,1.03,1.03,363195
21-Feb-12,1.06,1.08,1.03,1.08,334158
17-Feb-12,1.06,1.07,1.03,1.05,237349
16-Feb-12,1.08,1.08,1.03,1.06,266111
15-Feb-12,1.18,1.18,1.02,1.07,1065538
14-Feb-12,1.08,1.19,1.08,1.14,2331455
13-Feb-12,1.01,1.09,1.01,1.07,860351
10-Feb-12,1.00,1.03,0.98,1.00,260342
9-Feb-12,1.06,1.07,0.95,1.01,685137
8-Feb-12,1.07,1.08,1.03,1.04,378626
7-Feb-12,1.07,1.07,1.01,1.03,540120
6-Feb-12,1.11,1.12,1.07,1.07,845709
3-Feb-12,1.09,1.09,1.05,1.07,926425
2-Feb-12,1.06,1.14,1.01,1.07,2665671
1-Feb-12,1.01,1.01,0.96,0.98,398089
31-Jan-12,1.03,1.04,0.98,1.01,751197
30-Jan-12,1.09,1.09,0.92,1.04,2386297
27-Jan-12,0.92,1.08,0.91,1.06,5246153
26-Jan-12,0.81,0.93,0.80,0.90,2190796
25-Jan-12,0.80,0.82,0.79,0.80,326140
24-Jan-12,0.81,0.81,0.78,0.80,276999
23-Jan-12,0.81,0.81,0.78,0.79,245341
20-Jan-12,0.81,0.82,0.80,0.80,152766
19-Jan-12,0.81,0.83,0.78,0.81,308445
18-Jan-12,0.81,0.82,0.78,0.80,165111
17-Jan-12,0.79,0.81,0.78,0.81,280525
13-Jan-12,0.78,0.80,0.77,0.79,156289
12-Jan-12,0.79,0.79,0.77,0.78,269284
11-Jan-12,0.80,0.81,0.77,0.77,277290
10-Jan-12,0.79,0.82,0.78,0.80,334458
9-Jan-12,0.80,0.80,0.77,0.78,209154
6-Jan-12,0.80,0.81,0.78,0.79,135398
5-Jan-12,0.80,0.81,0.80,0.80,155028
4-Jan-12,0.82,0.83,0.80,0.80,276586
3-Jan-12,0.83,0.84,0.81,0.82,211708
30-Dec-11,0.82,0.84,0.80,0.82,278865
29-Dec-11,0.80,0.82,0.79,0.82,316959
28-Dec-11,0.82,0.84,0.80,0.80,250027
27-Dec-11,0.80,0.84,0.79,0.82,264614
23-Dec-11,0.79,0.81,0.79,0.79,136280
22-Dec-11,0.82,0.82,0.79,0.80,199204
21-Dec-11,0.72,0.82,0.72,0.81,268154
20-Dec-11,0.81,0.81,0.70,0.76,480448
19-Dec-11,0.83,0.83,0.78,0.78,649996
16-Dec-11,0.95,0.95,0.82,0.83,2818905
15-Dec-11,1.56,1.67,1.38,1.40,310995
14-Dec-11,1.63,1.71,1.51,1.51,62555
13-Dec-11,1.42,1.78,1.42,1.66,334679
12-Dec-11,1.62,1.65,1.32,1.35,302768
9-Dec-11,1.66,1.72,1.63,1.65,60831
8-Dec-11,1.74,1.76,1.71,1.71,31313
7-Dec-11,1.75,1.77,1.73,1.77,22753
6-Dec-11,1.81,1.87,1.75,1.77,40990
5-Dec-11,1.82,1.84,1.76,1.82,29184
2-Dec-11,1.80,1.85,1.79,1.81,36609
1-Dec-11,1.76,1.84,1.75,1.82,24147
30-Nov-11,1.75,1.79,1.71,1.74,48657
29-Nov-11,1.73,1.76,1.70,1.71,50627
28-Nov-11,1.86,1.89,1.73,1.75,43864
25-Nov-11,1.67,1.88,1.67,1.83,43774
23-Nov-11,1.72,1.74,1.69,1.69,49822
22-Nov-11,1.76,1.79,1.72,1.72,68696
21-Nov-11,1.78,1.81,1.76,1.78,31854
18-Nov-11,1.80,1.86,1.74,1.83,259619
17-Nov-11,1.90,1.91,1.80,1.81,59478
16-Nov-11,1.89,1.91,1.85,1.85,37129
15-Nov-11,1.90,1.94,1.87,1.89,47824
14-Nov-11,1.93,1.98,1.82,1.87,126202
11-Nov-11,1.92,1.96,1.91,1.93,21062
10-Nov-11,1.98,2.04,1.91,1.91,105084
9-Nov-11,1.91,2.00,1.89,1.95,129950
8-Nov-11,1.97,1.98,1.94,1.94,66791
7-Nov-11,1.98,2.03,1.95,1.98,61426
4-Nov-11,1.99,2.02,1.97,2.00,36313
3-Nov-11,1.99,2.05,1.93,2.01,46396
2-Nov-11,2.02,2.06,1.92,1.92,62226
1-Nov-11,2.00,2.04,1.96,1.97,55606
31-Oct-11,1.97,2.15,1.97,2.09,80917
28-Oct-11,2.00,2.00,1.97,2.00,57195
27-Oct-11,2.02,2.02,1.95,2.00,90042
26-Oct-11,1.98,2.00,1.94,1.96,22572
25-Oct-11,2.00,2.00,1.93,1.98,100400
24-Oct-11,1.97,2.00,1.94,1.99,61963
21-Oct-11,1.99,2.00,1.92,1.98,43764
20-Oct-11,1.98,1.99,1.93,1.94,23032
19-Oct-11,2.01,2.01,1.93,1.96,24057
18-Oct-11,1.89,2.01,1.88,2.00,60536
17-Oct-11,2.00,2.01,1.88,1.90,71873
14-Oct-11,1.99,2.05,1.97,2.00,50717
13-Oct-11,1.96,2.03,1.95,1.98,82448
12-Oct-11,2.07,2.10,1.96,1.99,116993
11-Oct-11,2.07,2.10,2.02,2.06,53324
10-Oct-11,2.13,2.13,2.06,2.10,74756
7-Oct-11,2.10,2.14,2.04,2.08,67965
6-Oct-11,2.04,2.14,2.04,2.09,180142
5-Oct-11,1.73,2.12,1.73,2.04,213659
4-Oct-11,1.76,1.77,1.70,1.71,111000
3-Oct-11,2.01,2.09,1.79,1.79,127495
30-Sep-11,2.02,2.07,2.01,2.02,51627
29-Sep-11,2.12,2.15,2.02,2.06,106044
28-Sep-11,2.25,2.25,2.07,2.07,66627
27-Sep-11,2.18,2.18,2.12,2.13,80224
26-Sep-11,2.18,2.18,2.05,2.08,70655
23-Sep-11,2.10,2.16,2.07,2.13,82421
22-Sep-11,2.19,2.27,2.05,2.07,266543
21-Sep-11,2.39,2.44,2.27,2.28,102102
20-Sep-11,2.55,2.55,2.37,2.40,254178
19-Sep-11,2.42,2.43,2.35,2.37,115834
16-Sep-11,2.46,2.47,2.42,2.43,55779
15-Sep-11,2.48,2.49,2.42,2.46,50352
14-Sep-11,2.52,2.52,2.43,2.48,136296
13-Sep-11,2.35,2.53,2.35,2.52,184149
12-Sep-11,2.32,2.36,2.27,2.35,41788
9-Sep-11,2.36,2.42,2.36,2.36,67497
8-Sep-11,2.43,2.48,2.36,2.37,67452
7-Sep-11,2.38,2.45,2.26,2.45,68619
6-Sep-11,2.30,2.33,2.25,2.31,76915
2-Sep-11,2.40,2.43,2.35,2.40,116629
1-Sep-11,2.53,2.65,2.41,2.46,278546
31-Aug-11,2.50,2.63,2.45,2.48,138709
30-Aug-11,2.29,2.41,2.28,2.38,93153
29-Aug-11,2.32,2.39,2.26,2.31,128338
26-Aug-11,2.15,2.32,2.10,2.31,215288
25-Aug-11,2.26,2.46,2.14,2.14,242763
24-Aug-11,2.07,2.13,2.05,2.11,41302
23-Aug-11,2.08,2.09,2.05,2.08,34055
22-Aug-11,2.24,2.24,2.06,2.06,39142
19-Aug-11,2.11,2.17,2.10,2.12,43841
18-Aug-11,2.20,2.32,2.12,2.17,59136
17-Aug-11,2.35,2.40,2.25,2.25,48605
16-Aug-11,2.34,2.39,2.31,2.35,45381
15-Aug-11,2.31,2.43,2.30,2.36,122684
12-Aug-11,2.32,2.41,2.31,2.34,86104
11-Aug-11,2.13,2.32,2.07,2.28,109514
10-Aug-11,2.13,2.19,2.02,2.03,108659
9-Aug-11,2.21,2.26,2.09,2.13,259921
8-Aug-11,2.46,2.50,2.09,2.09,271702
5-Aug-11,2.98,2.98,2.55,2.60,178113
4-Aug-11,3.00,3.40,2.63,2.75,322723
3-Aug-11,3.27,3.57,3.20,3.24,108867
2-Aug-11,3.51,3.57,3.24,3.28,133751
1-Aug-11,3.75,3.83,3.50,3.55,48993
29-Jul-11,3.89,3.89,3.63,3.66,82907
28-Jul-11,3.54,4.00,3.54,3.87,293484
27-Jul-11,3.74,3.90,3.33,3.54,506865
26-Jul-11,3.80,3.80,3.72,3.75,39775
25-Jul-11,3.81,3.88,3.73,3.77,55159
22-Jul-11,3.81,3.99,3.78,3.85,76365
21-Jul-11,3.85,3.95,3.70,3.77,145456
20-Jul-11,3.75,3.84,3.64,3.83,139388
19-Jul-11,4.01,4.05,3.77,3.79,163938
18-Jul-11,4.49,4.49,3.98,4.00,268286
15-Jul-11,5.07,5.07,4.50,4.50,180260
14-Jul-11,5.37,5.43,5.05,5.08,64836
13-Jul-11,5.61,5.61,5.32,5.33,29574
12-Jul-11,5.99,5.99,5.26,5.61,73373
11-Jul-11,6.58,6.58,5.50,5.55,102839
8-Jul-11,5.43,6.28,5.26,6.08,127310
7-Jul-11,4.98,5.28,4.80,5.13,65459
6-Jul-11,4.70,5.00,4.50,4.95,35911
5-Jul-11,0.50,0.50,0.43,0.44,2284336
1-Jul-11,0.53,0.54,0.48,0.49,3782712
30-Jun-11,0.53,0.56,0.53,0.53,913351
29-Jun-11,0.53,0.54,0.52,0.53,366829
28-Jun-11,0.53,0.55,0.52,0.52,377702
27-Jun-11,0.54,0.56,0.52,0.52,990217
24-Jun-11,0.58,0.59,0.53,0.54,18163964
23-Jun-11,0.59,0.60,0.57,0.58,719040
22-Jun-11,0.57,0.60,0.57,0.58,508857
21-Jun-11,0.57,0.59,0.56,0.58,581605
20-Jun-11,0.56,0.60,0.55,0.56,419249
17-Jun-11,0.59,0.61,0.55,0.55,1129606
16-Jun-11,0.54,0.60,0.54,0.58,665600
15-Jun-11,0.59,0.60,0.52,0.53,995351
14-Jun-11,0.52,0.59,0.52,0.56,974768
13-Jun-11,0.53,0.55,0.51,0.51,1041614
10-Jun-11,0.54,0.55,0.53,0.53,1282162
9-Jun-11,0.59,0.60,0.55,0.55,1531576
8-Jun-11,0.64,0.64,0.57,0.60,1052285
7-Jun-11,0.64,0.66,0.63,0.64,398074
6-Jun-11,0.66,0.67,0.62,0.63,654210
3-Jun-11,0.66,0.67,0.65,0.65,469771
2-Jun-11,0.66,0.67,0.66,0.66,519289
1-Jun-11,0.66,0.68,0.65,0.66,770107
31-May-11,0.65,0.68,0.64,0.66,1023909
27-May-11,0.64,0.65,0.64,0.64,485610
26-May-11,0.64,0.65,0.63,0.64,510607
25-May-11,0.65,0.67,0.62,0.65,1238922
24-May-11,0.68,0.69,0.65,0.65,1030829
23-May-11,0.69,0.71,0.68,0.68,533958
20-May-11,0.68,0.73,0.68,0.70,742103
19-May-11,0.71,0.72,0.68,0.68,863956
18-May-11,0.74,0.75,0.68,0.70,1786269
17-May-11,0.75,0.76,0.72,0.73,1033993
16-May-11,0.76,0.78,0.75,0.75,647130
13-May-11,0.78,0.80,0.76,0.77,497965
12-May-11,0.78,0.79,0.77,0.78,369147
11-May-11,0.81,0.82,0.78,0.78,422432
10-May-11,0.78,0.81,0.78,0.80,292833
9-May-11,0.78,0.83,0.78,0.78,413764
6-May-11,0.81,0.82,0.78,0.78,557515
5-May-11,0.80,0.84,0.78,0.80,750605
4-May-11,0.87,0.87,0.80,0.81,1197210
3-May-11,0.95,0.95,0.87,0.87,1146967
2-May-11,0.93,0.98,0.88,0.92,4358418
29-Apr-11,0.76,0.86,0.76,0.84,2691966
28-Apr-11,0.76,0.76,0.75,0.76,327529
27-Apr-11,0.77,0.77,0.75,0.76,247941
26-Apr-11,0.75,0.77,0.75,0.76,398849
25-Apr-11,0.75,0.76,0.75,0.75,332778
21-Apr-11,0.76,0.78,0.75,0.76,479052
20-Apr-11,0.76,0.77,0.75,0.75,762882
19-Apr-11,0.77,0.77,0.75,0.75,532699
18-Apr-11,0.78,0.80,0.76,0.76,555894
15-Apr-11,0.77,0.80,0.77,0.79,514572
14-Apr-11,0.77,0.79,0.77,0.77,274970
13-Apr-11,0.77,0.78,0.77,0.78,401528
12-Apr-11,0.78,0.79,0.77,0.77,465533
11-Apr-11,0.78,0.80,0.75,0.78,619312
8-Apr-11,0.77,0.81,0.73,0.79,4294787
7-Apr-11,0.89,0.91,0.86,0.87,612070
6-Apr-11,0.90,0.91,0.88,0.89,473383
5-Apr-11,0.91,0.92,0.89,0.90,583106
4-Apr-11,0.93,0.94,0.91,0.92,460285
1-Apr-11,0.91,0.93,0.90,0.92,725680
31-Mar-11,0.90,0.91,0.89,0.91,640311
30-Mar-11,0.90,0.92,0.88,0.90,649434
29-Mar-11,0.87,0.89,0.85,0.89,671854
28-Mar-11,0.86,0.87,0.85,0.86,468501
25-Mar-11,0.85,0.86,0.84,0.86,272868
24-Mar-11,0.86,0.86,0.84,0.85,310666
23-Mar-11,0.87,0.88,0.84,0.85,565681
22-Mar-11,0.86,0.87,0.85,0.86,436594
21-Mar-11,0.83,0.85,0.83,0.85,397071
18-Mar-11,0.82,0.84,0.82,0.82,607749
17-Mar-11,0.83,0.85,0.82,0.82,443016
16-Mar-11,0.82,0.86,0.81,0.82,535218
15-Mar-11,0.83,0.84,0.81,0.82,628234
14-Mar-11,0.82,0.87,0.82,0.84,688359
11-Mar-11,0.81,0.89,0.81,0.81,1257367
10-Mar-11,0.85,0.85,0.78,0.82,911312
9-Mar-11,0.88,0.89,0.85,0.86,545066
8-Mar-11,0.81,0.89,0.81,0.88,1197108
7-Mar-11,0.91,0.92,0.80,0.80,2278545
4-Mar-11,0.92,0.93,0.91,0.92,275898
3-Mar-11,0.92,0.93,0.91,0.91,455671
2-Mar-11,0.93,0.94,0.91,0.92,335331
1-Mar-11,0.94,0.95,0.90,0.93,705989
28-Feb-11,0.91,0.93,0.91,0.93,394016
25-Feb-11,0.92,0.93,0.89,0.91,541879
24-Feb-11,0.88,0.92,0.88,0.90,621820
23-Feb-11,0.92,0.95,0.89,0.89,931760
22-Feb-11,0.95,0.96,0.93,0.93,642229
18-Feb-11,0.96,0.96,0.95,0.96,427415
17-Feb-11,0.96,0.96,0.95,0.96,383283
16-Feb-11,0.96,0.97,0.95,0.96,348804
15-Feb-11,0.96,0.98,0.95,0.95,377606
14-Feb-11,0.97,0.98,0.96,0.96,609728
11-Feb-11,0.97,0.97,0.95,0.97,340645
10-Feb-11,0.95,0.97,0.95,0.97,420628
9-Feb-11,0.95,0.97,0.95,0.96,409254
8-Feb-11,0.96,0.97,0.95,0.95,289989
7-Feb-11,0.97,0.97,0.95,0.96,336689
4-Feb-11,0.97,0.97,0.95,0.97,558824
3-Feb-11,0.94,0.96,0.94,0.96,212579
2-Feb-11,0.93,0.96,0.93,0.95,404704
1-Feb-11,0.92,0.95,0.92,0.93,624891
31-Jan-11,0.94,0.95,0.92,0.93,827454
28-Jan-11,0.96,0.98,0.93,0.93,1231339
27-Jan-11,0.98,0.98,0.96,0.98,407505
26-Jan-11,0.97,0.98,0.95,0.98,372132
25-Jan-11,0.98,0.99,0.96,0.97,695100
24-Jan-11,0.98,0.99,0.98,0.98,312553
21-Jan-11,0.99,0.99,0.98,0.98,603417
20-Jan-11,0.98,1.00,0.98,0.98,760971
19-Jan-11,1.02,1.03,0.98,0.99,1512479
18-Jan-11,1.03,1.03,1.00,1.00,2138751
14-Jan-11,1.00,1.02,1.00,1.02,1235734
13-Jan-11,1.00,1.03,1.00,1.00,1793211
12-Jan-11,1.00,1.01,1.00,1.00,1374112
11-Jan-11,1.00,1.01,0.98,0.99,1244623
10-Jan-11,0.99,0.99,0.98,0.98,2103845
7-Jan-11,1.04,1.04,0.97,0.98,9590631
6-Jan-11,1.12,1.13,1.09,1.11,1090025
5-Jan-11,1.11,1.12,1.10,1.12,930221
4-Jan-11,1.11,1.12,1.09,1.11,833758
3-Jan-11,1.09,1.12,1.07,1.11,1222337
31-Dec-10,1.10,1.11,1.08,1.08,965435
30-Dec-10,1.11,1.12,1.10,1.11,517670
29-Dec-10,1.13,1.14,1.10,1.11,1361536
28-Dec-10,1.09,1.15,1.09,1.11,2889791
27-Dec-10,1.08,1.10,1.07,1.09,1123788
23-Dec-10,1.08,1.10,1.07,1.08,831020
22-Dec-10,1.11,1.11,1.08,1.09,2062842
21-Dec-10,1.08,1.11,1.05,1.11,1535820
20-Dec-10,1.07,1.09,1.06,1.08,669359
17-Dec-10,1.06,1.09,1.05,1.09,1861863
16-Dec-10,1.07,1.08,1.06,1.07,578705
15-Dec-10,1.08,1.08,1.06,1.07,657139
14-Dec-10,1.11,1.11,1.04,1.07,1273768
13-Dec-10,1.12,1.12,1.08,1.10,821922
10-Dec-10,1.13,1.13,1.08,1.10,2248255
9-Dec-10,1.16,1.16,1.12,1.13,1110768
8-Dec-10,1.16,1.17,1.12,1.14,1103160
7-Dec-10,1.20,1.21,1.14,1.15,4117399
6-Dec-10,1.11,1.17,1.09,1.17,2026818
3-Dec-10,1.09,1.11,1.08,1.11,844191
2-Dec-10,1.11,1.13,1.08,1.10,1343116
1-Dec-10,1.07,1.16,1.06,1.12,3516127
30-Nov-10,1.08,1.08,1.05,1.06,1093188
29-Nov-10,1.09,1.10,1.05,1.09,1209711
26-Nov-10,1.11,1.11,1.08,1.09,388685
24-Nov-10,1.11,1.12,1.10,1.11,538527
23-Nov-10,1.14,1.14,1.09,1.09,1494057
22-Nov-10,1.15,1.18,1.11,1.15,1788718
19-Nov-10,1.15,1.16,1.06,1.14,2468062
18-Nov-10,1.22,1.27,1.12,1.13,8508165
17-Nov-10,1.06,1.21,1.06,1.20,7235858
16-Nov-10,1.06,1.10,1.05,1.06,2228419
15-Nov-10,1.09,1.12,1.04,1.05,2532877
12-Nov-10,1.05,1.07,1.01,1.02,1845049
11-Nov-10,1.14,1.14,1.05,1.05,3604845
10-Nov-10,1.02,1.14,1.02,1.13,5476979
9-Nov-10,0.93,1.05,0.92,1.01,6005187
8-Nov-10,0.89,0.93,0.87,0.92,1689155
5-Nov-10,0.90,0.90,0.86,0.88,624180
4-Nov-10,0.88,0.92,0.85,0.89,878310
3-Nov-10,0.87,0.88,0.85,0.86,1097900
2-Nov-10,0.89,0.92,0.88,0.90,1383707
1-Nov-10,0.89,0.93,0.88,0.88,1488173
29-Oct-10,0.93,0.93,0.89,0.89,1382142
28-Oct-10,0.89,0.97,0.86,0.93,2009957
27-Oct-10,0.87,0.90,0.86,0.88,416606
26-Oct-10,0.89,0.90,0.87,0.88,361424
25-Oct-10,0.89,0.90,0.88,0.89,323452
22-Oct-10,0.89,0.89,0.88,0.89,303110
21-Oct-10,0.91,0.92,0.88,0.89,544853
20-Oct-10,0.91,0.91,0.89,0.90,396873
19-Oct-10,0.90,0.94,0.89,0.89,850876
18-Oct-10,0.91,0.91,0.88,0.90,631787
15-Oct-10,0.89,0.89,0.87,0.88,638821
14-Oct-10,0.92,0.94,0.87,0.88,884074
13-Oct-10,0.95,0.98,0.89,0.92,1983962
12-Oct-10,0.84,0.96,0.84,0.95,4830899
11-Oct-10,0.82,0.83,0.81,0.83,534765
8-Oct-10,0.81,0.83,0.80,0.82,441158
7-Oct-10,0.83,0.83,0.81,0.81,595919
6-Oct-10,0.81,0.81,0.80,0.81,466106
5-Oct-10,0.79,0.81,0.78,0.81,634110
4-Oct-10,0.81,0.83,0.78,0.78,800616
1-Oct-10,0.84,0.84,0.81,0.81,464185
30-Sep-10,0.84,0.84,0.80,0.83,930854
29-Sep-10,0.81,0.84,0.79,0.82,1879330
28-Sep-10,0.78,0.79,0.77,0.77,684165
27-Sep-10,0.77,0.78,0.77,0.78,515784
24-Sep-10,0.79,0.82,0.77,0.77,607409
23-Sep-10,0.77,0.78,0.76,0.78,584046
22-Sep-10,0.78,0.79,0.77,0.77,548701
21-Sep-10,0.78,0.80,0.77,0.78,915126
20-Sep-10,0.77,0.79,0.77,0.78,829369
17-Sep-10,0.79,0.79,0.77,0.77,1170952
16-Sep-10,0.79,0.80,0.77,0.77,1023916
15-Sep-10,0.80,0.80,0.78,0.80,810925
14-Sep-10,0.80,0.81,0.79,0.80,1160375
13-Sep-10,0.81,0.82,0.79,0.80,1063402
10-Sep-10,0.80,0.84,0.79,0.80,1331165
9-Sep-10,0.78,0.90,0.78,0.80,3930012
8-Sep-10,0.79,0.79,0.77,0.78,628150
7-Sep-10,0.79,0.80,0.78,0.78,707509
3-Sep-10,0.78,0.80,0.78,0.78,800250
2-Sep-10,0.79,0.82,0.77,0.78,828762
1-Sep-10,0.77,0.80,0.76,0.80,906833
31-Aug-10,0.76,0.79,0.75,0.75,765160
30-Aug-10,0.81,0.82,0.76,0.76,1058763
27-Aug-10,0.81,0.81,0.78,0.81,1136116
26-Aug-10,0.82,0.84,0.80,0.81,1164214
25-Aug-10,0.79,0.82,0.78,0.81,1350644
24-Aug-10,0.83,0.83,0.76,0.80,2566008
23-Aug-10,0.94,0.94,0.84,0.85,1841506
20-Aug-10,0.92,0.97,0.89,0.90,3282696
19-Aug-10,1.04,1.19,0.91,0.91,17439104
18-Aug-10,0.86,0.88,0.85,0.87,272829
17-Aug-10,0.85,0.87,0.85,0.87,489137
16-Aug-10,0.84,0.88,0.84,0.86,1013587
13-Aug-10,0.87,0.89,0.86,0.87,488329
12-Aug-10,0.87,0.88,0.86,0.87,670863
11-Aug-10,0.90,0.91,0.88,0.88,667438
10-Aug-10,0.92,0.92,0.90,0.90,391471
9-Aug-10,0.92,0.94,0.90,0.92,486998
6-Aug-10,0.91,0.92,0.91,0.91,256235
5-Aug-10,0.91,0.94,0.91,0.92,450696
4-Aug-10,0.91,0.93,0.91,0.92,455276
3-Aug-10,0.94,0.95,0.90,0.91,621054
2-Aug-10,0.92,0.96,0.92,0.94,1572322
30-Jul-10,0.91,0.94,0.90,0.91,919369
29-Jul-10,0.92,0.92,0.90,0.90,335568
28-Jul-10,0.92,0.92,0.89,0.91,522507
27-Jul-10,0.94,0.95,0.90,0.93,598392
26-Jul-10,0.92,0.95,0.91,0.93,570688
23-Jul-10,0.89,0.92,0.89,0.92,500040
22-Jul-10,0.91,0.91,0.89,0.90,505559
21-Jul-10,0.92,0.95,0.89,0.90,641839
20-Jul-10,0.88,0.91,0.88,0.91,474866
19-Jul-10,0.90,0.92,0.89,0.90,332761
16-Jul-10,0.94,0.94,0.90,0.90,670716
15-Jul-10,0.96,0.96,0.92,0.94,522472
14-Jul-10,0.93,0.96,0.93,0.96,334639
13-Jul-10,0.93,0.95,0.92,0.94,577371
12-Jul-10,0.97,0.99,0.93,0.93,335228
9-Jul-10,0.95,0.99,0.86,0.98,696369
8-Jul-10,0.94,0.96,0.90,0.96,942000
7-Jul-10,0.90,0.90,0.87,0.88,1053694
6-Jul-10,0.91,0.93,0.88,0.89,853630
2-Jul-10,0.91,0.94,0.89,0.91,423018
1-Jul-10,0.94,0.94,0.87,0.91,1557708
30-Jun-10,0.98,0.98,0.93,0.94,1096198
29-Jun-10,1.02,1.03,0.99,0.99,707568
28-Jun-10,1.03,1.05,1.02,1.04,400677
25-Jun-10,1.03,1.07,1.01,1.05,2232255
24-Jun-10,1.01,1.03,1.00,1.02,898815
23-Jun-10,0.97,1.00,0.97,0.99,308949
22-Jun-10,0.98,1.01,0.97,0.97,506059
21-Jun-10,1.03,1.04,0.98,0.98,436881
18-Jun-10,1.01,1.02,1.00,1.02,832082
17-Jun-10,1.02,1.02,0.99,1.00,285429
16-Jun-10,0.99,1.02,0.99,1.01,398765
15-Jun-10,1.00,1.01,0.97,1.00,630136
14-Jun-10,0.98,1.02,0.96,0.99,642000
11-Jun-10,0.96,0.98,0.94,0.96,389659
10-Jun-10,0.95,0.99,0.92,0.96,792356
9-Jun-10,0.93,0.95,0.89,0.90,805211
8-Jun-10,0.94,0.99,0.91,0.92,659206
7-Jun-10,0.98,1.01,0.93,0.94,745178
4-Jun-10,1.00,1.03,0.97,0.98,876578
3-Jun-10,1.06,1.08,1.00,1.01,1273286
2-Jun-10,1.03,1.06,1.03,1.06,635858
1-Jun-10,1.01,1.06,1.01,1.02,873832
28-May-10,1.00,1.03,0.98,1.02,550085
27-May-10,1.02,1.03,0.98,1.01,645251
26-May-10,0.98,1.00,0.98,0.99,571161
25-May-10,1.00,1.01,0.94,0.97,572419
24-May-10,0.99,1.00,0.98,0.98,455547
21-May-10,0.93,1.01,0.89,0.99,1588213
20-May-10,1.00,1.01,0.94,0.94,2687436
19-May-10,1.05,1.06,1.01,1.01,1505270
18-May-10,1.10,1.11,1.05,1.05,887023
17-May-10,1.10,1.11,1.08,1.08,517035
14-May-10,1.12,1.15,1.08,1.09,1287833
13-May-10,1.13,1.16,1.12,1.15,1489106
12-May-10,1.13,1.14,1.12,1.14,932208
11-May-10,1.13,1.14,1.12,1.13,581610
10-May-10,1.12,1.15,1.11,1.13,943303
7-May-10,1.11,1.14,1.07,1.09,1615494
6-May-10,1.14,1.17,1.05,1.09,2378762
5-May-10,1.14,1.17,1.12,1.16,1159703
4-May-10,1.20,1.20,1.14,1.15,1584792
3-May-10,1.18,1.21,1.17,1.19,1563585
30-Apr-10,1.17,1.18,1.15,1.16,849531
29-Apr-10,1.17,1.20,1.16,1.17,767298
28-Apr-10,1.17,1.19,1.16,1.17,605404
27-Apr-10,1.20,1.20,1.17,1.17,1198286
26-Apr-10,1.21,1.22,1.18,1.19,1180895
23-Apr-10,1.18,1.22,1.17,1.20,1182367
22-Apr-10,1.18,1.19,1.16,1.18,894076
21-Apr-10,1.19,1.21,1.18,1.18,1596477
20-Apr-10,1.15,1.17,1.15,1.17,610377
19-Apr-10,1.16,1.17,1.15,1.15,1107314
16-Apr-10,1.19,1.20,1.16,1.17,1198305
15-Apr-10,1.20,1.22,1.18,1.19,1013186
14-Apr-10,1.21,1.22,1.18,1.20,1065491
13-Apr-10,1.18,1.22,1.18,1.20,1412370
12-Apr-10,1.17,1.19,1.16,1.18,1222730
9-Apr-10,1.18,1.19,1.15,1.16,1403298
8-Apr-10,1.14,1.18,1.13,1.17,1988536
7-Apr-10,1.15,1.16,1.13,1.15,1077053
6-Apr-10,1.15,1.16,1.15,1.16,660245
5-Apr-10,1.16,1.16,1.14,1.16,558096
31-Mar-10,1.15,1.16,1.15,1.16,598635
30-Mar-10,1.16,1.18,1.15,1.16,938280
29-Mar-10,1.16,1.18,1.15,1.15,668768
26-Mar-10,1.17,1.18,1.16,1.17,760166
25-Mar-10,1.17,1.19,1.16,1.16,935019
24-Mar-10,1.19,1.20,1.17,1.18,1013883
23-Mar-10,1.19,1.20,1.18,1.19,561232
22-Mar-10,1.18,1.20,1.18,1.19,703968
19-Mar-10,1.23,1.23,1.18,1.18,1472535
18-Mar-10,1.24,1.24,1.21,1.21,698236
17-Mar-10,1.25,1.26,1.22,1.22,2796169
16-Mar-10,1.21,1.24,1.18,1.21,1559512
15-Mar-10,1.19,1.20,1.18,1.19,605205
12-Mar-10,1.22,1.22,1.18,1.19,890622
11-Mar-10,1.22,1.22,1.18,1.21,1310922
10-Mar-10,1.21,1.23,1.20,1.22,1651847
9-Mar-10,1.22,1.23,1.20,1.21,990812
8-Mar-10,1.23,1.24,1.20,1.23,952036
5-Mar-10,1.21,1.27,1.20,1.23,1768092
4-Mar-10,1.25,1.25,1.21,1.22,528850
3-Mar-10,1.20,1.25,1.18,1.24,1344617
2-Mar-10,1.18,1.22,1.16,1.20,1355077
1-Mar-10,1.17,1.20,1.15,1.18,1385642
26-Feb-10,1.20,1.20,1.17,1.18,605900
25-Feb-10,1.17,1.19,1.17,1.19,531936
24-Feb-10,1.18,1.20,1.17,1.18,868252
23-Feb-10,1.19,1.21,1.18,1.18,1206001
22-Feb-10,1.24,1.24,1.18,1.20,1248823
19-Feb-10,1.18,1.24,1.17,1.23,1217777
18-Feb-10,1.19,1.20,1.15,1.19,1056839
17-Feb-10,1.20,1.21,1.18,1.20,1031707
16-Feb-10,1.23,1.23,1.20,1.22,962133
12-Feb-10,1.23,1.23,1.19,1.22,1437207
11-Feb-10,1.25,1.27,1.21,1.25,1921214
10-Feb-10,1.25,1.27,1.19,1.22,3275479
9-Feb-10,1.16,1.18,1.12,1.17,2017357
8-Feb-10,1.19,1.19,1.16,1.16,1394792
5-Feb-10,1.22,1.24,1.17,1.19,1681307
4-Feb-10,1.29,1.29,1.20,1.22,1567591
3-Feb-10,1.22,1.28,1.22,1.27,1486191
2-Feb-10,1.20,1.25,1.20,1.22,1368670
1-Feb-10,1.22,1.22,1.18,1.20,1118485
29-Jan-10,1.23,1.24,1.16,1.23,2815784
28-Jan-10,1.26,1.27,1.22,1.22,1750743
27-Jan-10,1.26,1.30,1.23,1.26,1876695
26-Jan-10,1.27,1.29,1.26,1.26,1481623
25-Jan-10,1.31,1.33,1.26,1.26,1828294
22-Jan-10,1.30,1.35,1.27,1.27,2354417
21-Jan-10,1.33,1.36,1.30,1.30,2245992
20-Jan-10,1.35,1.45,1.34,1.35,3897297
19-Jan-10,1.33,1.36,1.32,1.36,2476773
15-Jan-10,1.39,1.39,1.35,1.36,2806525
14-Jan-10,1.41,1.43,1.39,1.41,1408648
13-Jan-10,1.46,1.46,1.37,1.41,2674199
12-Jan-10,1.41,1.51,1.38,1.44,4700526
11-Jan-10,1.47,1.47,1.38,1.41,3553717
8-Jan-10,1.36,1.58,1.35,1.44,13545850
7-Jan-10,1.35,1.37,1.32,1.37,2221113
6-Jan-10,1.32,1.39,1.32,1.35,3113862
5-Jan-10,1.40,1.40,1.32,1.33,3292777
4-Jan-10,1.29,1.42,1.26,1.41,6878878
31-Dec-09,1.28,1.28,1.25,1.26,1474835
30-Dec-09,1.27,1.28,1.26,1.28,1047206
29-Dec-09,1.31,1.32,1.27,1.28,1236749
28-Dec-09,1.34,1.35,1.30,1.31,2127468
24-Dec-09,1.36,1.37,1.35,1.37,674150
23-Dec-09,1.43,1.44,1.37,1.37,3459488
22-Dec-09,1.31,1.38,1.30,1.36,4230989
21-Dec-09,1.31,1.33,1.27,1.29,2500524
18-Dec-09,1.24,1.28,1.21,1.23,3425987
17-Dec-09,1.28,1.29,1.24,1.24,1838153
16-Dec-09,1.29,1.32,1.28,1.28,1351266
15-Dec-09,1.34,1.35,1.28,1.28,3309820
14-Dec-09,1.32,1.33,1.30,1.31,1650152
11-Dec-09,1.35,1.35,1.30,1.31,1805273
10-Dec-09,1.33,1.49,1.29,1.35,9959580
9-Dec-09,1.37,1.38,1.30,1.32,2907850
8-Dec-09,1.37,1.44,1.34,1.37,7472024
7-Dec-09,1.35,1.39,1.31,1.34,3823947
4-Dec-09,1.36,1.39,1.30,1.35,5119216
3-Dec-09,1.48,1.50,1.30,1.30,21737329
2-Dec-09,1.09,1.50,1.08,1.48,38778262
1-Dec-09,1.03,1.08,1.02,1.08,1623058
30-Nov-09,1.08,1.10,1.03,1.04,1537695
27-Nov-09,1.10,1.10,1.07,1.07,525899
25-Nov-09,1.12,1.12,1.08,1.09,922011
24-Nov-09,1.08,1.11,1.07,1.11,976972
23-Nov-09,1.11,1.13,1.07,1.07,1365575
20-Nov-09,1.12,1.13,1.08,1.09,785870
19-Nov-09,1.13,1.13,1.07,1.09,1839311
18-Nov-09,1.15,1.16,1.12,1.13,1138303
17-Nov-09,1.14,1.16,1.11,1.13,1113244
16-Nov-09,1.12,1.16,1.10,1.14,1257830
13-Nov-09,1.10,1.12,1.10,1.11,914768
12-Nov-09,1.13,1.13,1.10,1.11,734736
11-Nov-09,1.14,1.14,1.11,1.11,885760
10-Nov-09,1.15,1.15,1.11,1.11,737498
9-Nov-09,1.14,1.15,1.13,1.14,704814
6-Nov-09,1.14,1.14,1.09,1.13,980958
5-Nov-09,1.15,1.15,1.12,1.14,817081
4-Nov-09,1.16,1.18,1.12,1.13,1236081
3-Nov-09,1.10,1.16,1.06,1.15,2045014
2-Nov-09,1.14,1.19,1.08,1.10,1837047
30-Oct-09,1.20,1.24,1.14,1.14,2607010
29-Oct-09,1.19,1.19,1.13,1.16,3823570
28-Oct-09,1.35,1.35,1.15,1.17,7142889
27-Oct-09,1.44,1.46,1.42,1.42,858287
26-Oct-09,1.51,1.52,1.43,1.44,1351498
23-Oct-09,1.52,1.55,1.50,1.51,856558
22-Oct-09,1.54,1.54,1.52,1.52,520621
21-Oct-09,1.57,1.59,1.51,1.54,1149540
20-Oct-09,1.63,1.63,1.55,1.56,1802141
19-Oct-09,1.60,1.72,1.56,1.60,4684806
16-Oct-09,1.64,1.64,1.57,1.60,951959
15-Oct-09,1.55,1.66,1.55,1.65,2891737
14-Oct-09,1.55,1.57,1.55,1.56,425320
13-Oct-09,1.54,1.57,1.54,1.55,427462
12-Oct-09,1.56,1.58,1.55,1.56,536050
9-Oct-09,1.57,1.59,1.55,1.56,600956
8-Oct-09,1.59,1.60,1.57,1.58,593052
7-Oct-09,1.58,1.59,1.55,1.58,536159
6-Oct-09,1.56,1.58,1.54,1.58,677875
5-Oct-09,1.57,1.59,1.50,1.54,1479129
2-Oct-09,1.57,1.60,1.55,1.55,963228
1-Oct-09,1.63,1.66,1.57,1.58,1422444
30-Sep-09,1.66,1.67,1.62,1.63,936542
29-Sep-09,1.64,1.67,1.64,1.65,773693
28-Sep-09,1.64,1.67,1.64,1.64,694721
25-Sep-09,1.64,1.66,1.63,1.64,953739
24-Sep-09,1.69,1.71,1.64,1.64,1890217
23-Sep-09,1.73,1.74,1.70,1.70,872515
22-Sep-09,1.75,1.76,1.72,1.73,1553425
21-Sep-09,1.75,1.76,1.70,1.70,1049111
18-Sep-09,1.69,1.74,1.67,1.74,1619509
17-Sep-09,1.71,1.71,1.67,1.69,959168
16-Sep-09,1.72,1.73,1.69,1.71,818064
15-Sep-09,1.73,1.73,1.70,1.71,645653
14-Sep-09,1.67,1.73,1.66,1.73,958606
11-Sep-09,1.76,1.76,1.67,1.68,1810912
10-Sep-09,1.77,1.79,1.72,1.74,2963198
9-Sep-09,1.68,1.70,1.64,1.70,1251648
8-Sep-09,1.70,1.70,1.66,1.68,595267
4-Sep-09,1.64,1.70,1.64,1.69,1234824
3-Sep-09,1.64,1.73,1.63,1.65,3089499
2-Sep-09,1.63,1.67,1.62,1.64,1314110
1-Sep-09,1.63,1.68,1.63,1.64,1317209
31-Aug-09,1.63,1.65,1.63,1.63,1028463
28-Aug-09,1.67,1.68,1.63,1.63,1122194
27-Aug-09,1.69,1.70,1.64,1.66,976024
26-Aug-09,1.63,1.75,1.63,1.70,3486187
25-Aug-09,1.64,1.65,1.62,1.62,954796
24-Aug-09,1.65,1.65,1.63,1.65,927575
21-Aug-09,1.65,1.65,1.62,1.63,950653
20-Aug-09,1.63,1.64,1.61,1.63,1075055
19-Aug-09,1.61,1.67,1.61,1.64,1225637
18-Aug-09,1.62,1.62,1.60,1.61,862502
17-Aug-09,1.60,1.64,1.59,1.62,1049250
14-Aug-09,1.65,1.65,1.60,1.60,968019
13-Aug-09,1.65,1.67,1.62,1.63,712042
12-Aug-09,1.63,1.66,1.62,1.65,783637
11-Aug-09,1.65,1.67,1.61,1.62,999632
10-Aug-09,1.69,1.73,1.63,1.63,2062966
7-Aug-09,1.66,1.69,1.64,1.66,1343426
6-Aug-09,1.69,1.69,1.63,1.63,1620462
5-Aug-09,1.75,1.75,1.67,1.69,1429256
4-Aug-09,1.70,1.76,1.70,1.75,1191230
3-Aug-09,1.69,1.72,1.69,1.70,732309
31-Jul-09,1.73,1.78,1.68,1.69,1662832
30-Jul-09,1.77,1.79,1.71,1.74,1266081
29-Jul-09,1.80,1.81,1.73,1.74,1617052
28-Jul-09,1.79,1.83,1.70,1.81,2660357
27-Jul-09,1.66,1.86,1.66,1.79,6694573
24-Jul-09,1.67,1.68,1.65,1.67,1263233
23-Jul-09,1.62,1.69,1.62,1.69,2157867
22-Jul-09,1.65,1.66,1.62,1.65,742000
21-Jul-09,1.67,1.68,1.61,1.63,1681009
20-Jul-09,1.60,1.68,1.60,1.67,1358806
17-Jul-09,1.65,1.65,1.59,1.59,498614
16-Jul-09,1.59,1.64,1.59,1.64,849981
15-Jul-09,1.62,1.66,1.60,1.66,1369741
14-Jul-09,1.58,1.61,1.57,1.61,651327
13-Jul-09,1.57,1.61,1.57,1.58,859336
10-Jul-09,1.62,1.62,1.56,1.57,708883
9-Jul-09,1.59,1.61,1.57,1.58,632313
8-Jul-09,1.63,1.64,1.57,1.57,1779354
7-Jul-09,1.69,1.70,1.64,1.64,874790
6-Jul-09,1.65,1.72,1.65,1.69,1071768
2-Jul-09,1.70,1.70,1.67,1.69,886105
1-Jul-09,1.71,1.73,1.69,1.72,1300044
30-Jun-09,1.84,1.84,1.69,1.70,4778233
29-Jun-09,1.72,1.77,1.66,1.68,2455071
26-Jun-09,1.65,1.84,1.60,1.79,22503277
25-Jun-09,1.53,1.66,1.53,1.65,2242075
24-Jun-09,1.50,1.56,1.50,1.55,892070
23-Jun-09,1.53,1.56,1.50,1.50,1616986
22-Jun-09,1.61,1.63,1.54,1.57,1554681
19-Jun-09,1.64,1.64,1.60,1.64,915427
18-Jun-09,1.63,1.65,1.58,1.65,1651699
17-Jun-09,1.61,1.62,1.58,1.62,1264918
16-Jun-09,1.62,1.66,1.60,1.60,1095786
15-Jun-09,1.67,1.67,1.60,1.65,1496674
12-Jun-09,1.70,1.70,1.64,1.66,862610
11-Jun-09,1.66,1.68,1.65,1.66,1121047
10-Jun-09,1.67,1.68,1.63,1.64,1427735
9-Jun-09,1.66,1.69,1.63,1.67,1637870
8-Jun-09,1.83,1.84,1.63,1.70,5801934
5-Jun-09,1.75,1.80,1.69,1.75,1870985
4-Jun-09,1.75,1.84,1.73,1.78,3785600
3-Jun-09,1.62,1.74,1.60,1.74,3561517
2-Jun-09,1.62,1.65,1.58,1.62,1953662
1-Jun-09,1.62,1.67,1.58,1.63,1329918
29-May-09,1.60,1.63,1.56,1.63,2516692
28-May-09,1.65,1.68,1.61,1.63,1677273
27-May-09,1.69,1.71,1.65,1.67,1835317
26-May-09,1.70,1.70,1.68,1.70,842451
22-May-09,1.69,1.73,1.67,1.68,2025765
21-May-09,1.69,1.82,1.68,1.70,5777814
20-May-09,1.70,1.74,1.70,1.72,1471791
19-May-09,1.74,1.74,1.68,1.73,1570475
18-May-09,1.75,1.75,1.71,1.72,863330
15-May-09,1.76,1.76,1.71,1.75,1972326
14-May-09,1.67,1.71,1.65,1.71,1511402
13-May-09,1.73,1.73,1.67,1.67,1737349
12-May-09,1.73,1.78,1.67,1.73,3022573
11-May-09,1.69,1.74,1.67,1.73,1718953
8-May-09,1.72,1.73,1.68,1.70,1617686
7-May-09,1.73,1.75,1.68,1.74,1875469
6-May-09,1.79,1.84,1.66,1.73,2718273
5-May-09,1.76,1.94,1.73,1.74,8421188
4-May-09,1.68,1.75,1.66,1.74,2598227
1-May-09,1.68,1.71,1.66,1.66,887480
30-Apr-09,1.69,1.71,1.65,1.69,2146157
29-Apr-09,1.74,1.75,1.65,1.68,2458312
28-Apr-09,1.64,1.72,1.63,1.71,2197785
27-Apr-09,1.61,1.67,1.58,1.64,1356570
24-Apr-09,1.64,1.66,1.62,1.62,981334
23-Apr-09,1.66,1.67,1.61,1.61,1145708
22-Apr-09,1.65,1.70,1.62,1.64,1748612
21-Apr-09,1.60,1.61,1.58,1.60,1218623
20-Apr-09,1.70,1.70,1.58,1.60,2041866
17-Apr-09,1.72,1.73,1.61,1.69,3623775
16-Apr-09,1.76,1.80,1.68,1.70,9657570
15-Apr-09,1.67,1.67,1.59,1.62,1214362
14-Apr-09,1.72,1.72,1.62,1.67,2161134
13-Apr-09,1.61,1.62,1.58,1.61,1204999
9-Apr-09,1.60,1.62,1.57,1.57,1935816
8-Apr-09,1.60,1.68,1.59,1.61,1130609
7-Apr-09,1.71,1.71,1.61,1.61,2041118
6-Apr-09,1.66,1.78,1.66,1.70,2391117
3-Apr-09,1.71,1.72,1.64,1.66,1390552
2-Apr-09,1.69,1.82,1.65,1.68,3094454
1-Apr-09,1.72,1.75,1.64,1.67,1004861
31-Mar-09,1.69,1.72,1.66,1.67,987985
30-Mar-09,1.79,1.79,1.63,1.63,1768582
27-Mar-09,1.71,1.88,1.67,1.81,3532031
26-Mar-09,1.67,1.75,1.66,1.73,1392541
25-Mar-09,1.70,1.74,1.59,1.65,2188990
24-Mar-09,1.60,1.68,1.56,1.66,1695299
23-Mar-09,1.59,1.60,1.54,1.60,1118593
20-Mar-09,1.61,1.62,1.50,1.50,1167747
19-Mar-09,1.65,1.67,1.52,1.57,2068069
18-Mar-09,1.79,1.80,1.65,1.65,2452609
17-Mar-09,1.47,1.71,1.47,1.71,3308186
16-Mar-09,1.67,1.67,1.43,1.48,4299929
13-Mar-09,1.77,1.77,1.61,1.65,2629629
12-Mar-09,1.77,1.78,1.68,1.74,2151147
11-Mar-09,1.73,1.80,1.64,1.73,3232961
10-Mar-09,1.92,1.98,1.60,1.71,8210646
9-Mar-09,2.35,2.39,1.80,1.98,26142450
6-Mar-09,1.32,1.38,1.25,1.38,2670898
5-Mar-09,1.35,1.43,1.32,1.38,968595
4-Mar-09,1.45,1.51,1.35,1.40,1635420
3-Mar-09,1.46,1.55,1.33,1.44,2827929
2-Mar-09,1.45,1.51,1.34,1.41,2447097
27-Feb-09,1.66,1.66,1.51,1.56,2439082
26-Feb-09,1.85,1.87,1.67,1.68,2074531
25-Feb-09,1.90,1.91,1.78,1.80,1692169
24-Feb-09,1.85,1.96,1.84,1.95,1731556
23-Feb-09,1.96,2.04,1.76,1.82,2258881
20-Feb-09,2.05,2.10,1.80,1.94,5736246
19-Feb-09,2.24,2.30,2.13,2.14,2342112
18-Feb-09,2.42,2.42,2.16,2.21,4999438
17-Feb-09,2.30,2.54,2.15,2.49,11770929
13-Feb-09,2.24,2.29,2.11,2.12,3553991
12-Feb-09,2.27,2.49,2.27,2.35,3555385
11-Feb-09,2.44,2.44,2.22,2.32,3737295
10-Feb-09,2.50,2.52,2.33,2.35,3247388
9-Feb-09,2.58,2.64,2.47,2.52,4007198
6-Feb-09,2.58,2.65,2.46,2.52,5341151
5-Feb-09,2.40,2.58,2.33,2.45,5892556
4-Feb-09,2.40,2.58,2.30,2.38,5098235
3-Feb-09,2.54,2.58,2.30,2.40,4616037
2-Feb-09,2.50,2.65,2.50,2.51,5273118
30-Jan-09,2.81,2.90,2.60,2.68,9628498
29-Jan-09,2.30,2.70,2.21,2.68,10726217
28-Jan-09,2.57,2.60,2.16,2.38,9199942
27-Jan-09,2.70,2.78,2.38,2.43,11962621
26-Jan-09,2.74,3.07,2.63,2.98,23960526
23-Jan-09,2.24,2.89,2.24,2.53,26876201
22-Jan-09,2.00,2.20,1.95,2.15,8882126
21-Jan-09,1.80,1.89,1.75,1.89,4698366
20-Jan-09,1.64,1.86,1.61,1.73,7910281
16-Jan-09,1.58,1.59,1.50,1.59,1754743
15-Jan-09,1.56,1.59,1.43,1.52,2174777
14-Jan-09,1.62,1.64,1.47,1.52,3373512
13-Jan-09,1.45,1.52,1.42,1.49,1351241
12-Jan-09,1.62,1.63,1.42,1.47,2675580
9-Jan-09,1.62,1.62,1.55,1.60,1466342
8-Jan-09,1.53,1.63,1.50,1.58,1699009
7-Jan-09,1.63,1.65,1.50,1.56,2909463
6-Jan-09,1.59,1.75,1.57,1.60,5855541
5-Jan-09,1.47,1.58,1.40,1.50,3085781
2-Jan-09,1.39,1.48,1.36,1.43,2143122
31-Dec-08,1.30,1.38,1.29,1.36,1172257
30-Dec-08,1.36,1.38,1.29,1.31,1139275
29-Dec-08,1.40,1.41,1.30,1.34,1223729
26-Dec-08,1.33,1.45,1.31,1.39,2031990
24-Dec-08,1.24,1.32,1.21,1.28,1110412
23-Dec-08,1.25,1.25,1.18,1.22,650059
22-Dec-08,1.29,1.32,1.20,1.25,1392746
19-Dec-08,1.41,1.41,1.29,1.29,1889176
18-Dec-08,1.51,1.57,1.30,1.30,6636256
17-Dec-08,1.15,1.35,1.11,1.32,3062283
16-Dec-08,1.14,1.17,1.07,1.17,1105394
15-Dec-08,1.16,1.19,1.10,1.11,871978
12-Dec-08,1.05,1.15,1.04,1.15,1110073
11-Dec-08,1.16,1.20,1.08,1.11,1634150
10-Dec-08,1.25,1.25,1.12,1.16,1776936
9-Dec-08,1.00,1.28,1.00,1.17,5157179
8-Dec-08,0.96,1.06,0.95,0.99,1725939
5-Dec-08,0.94,0.96,0.89,0.93,744712
4-Dec-08,0.96,0.97,0.93,0.94,666139
3-Dec-08,0.92,0.98,0.92,0.96,730205
2-Dec-08,0.98,0.98,0.91,0.98,934886
1-Dec-08,1.02,1.04,0.93,0.94,1169205
28-Nov-08,1.09,1.09,1.00,1.06,1072471
26-Nov-08,1.06,1.10,0.98,1.06,1493623
25-Nov-08,1.04,1.06,0.95,1.05,1527871
24-Nov-08,0.93,1.03,0.87,0.99,2053903
21-Nov-08,0.95,0.99,0.80,0.90,3647829
20-Nov-08,1.05,1.09,0.93,0.98,4132333
19-Nov-08,1.20,1.21,1.05,1.07,2674931
18-Nov-08,1.25,1.27,1.09,1.13,2993152
17-Nov-08,1.40,1.40,1.22,1.23,3223342
14-Nov-08,1.29,1.38,1.24,1.36,6184570
13-Nov-08,1.23,1.29,1.11,1.18,5190515
12-Nov-08,1.38,1.40,1.12,1.22,23044671
11-Nov-08,2.27,2.29,2.02,2.09,3056938
10-Nov-08,2.15,2.48,2.01,2.29,10565217
7-Nov-08,1.86,1.91,1.71,1.75,1894238
6-Nov-08,1.51,1.95,1.40,1.80,4125884
5-Nov-08,1.75,2.06,1.56,1.58,3830486
4-Nov-08,2.24,2.28,1.66,1.90,7068585
3-Nov-08,1.69,2.28,1.62,2.01,9729501
31-Oct-08,1.19,1.44,1.17,1.44,1695165
30-Oct-08,1.11,1.26,1.11,1.19,1646979
29-Oct-08,1.00,1.06,0.99,1.04,578674
28-Oct-08,1.00,1.03,0.97,1.00,451317
27-Oct-08,1.00,1.04,0.98,0.99,298190
24-Oct-08,1.00,1.05,0.91,1.03,615025
23-Oct-08,1.12,1.17,1.03,1.11,1793317
22-Oct-08,1.20,1.20,1.12,1.13,469212
21-Oct-08,1.14,1.20,1.09,1.18,632497
20-Oct-08,1.07,1.15,1.05,1.12,669748
17-Oct-08,1.00,1.06,0.96,1.05,485647
16-Oct-08,0.98,1.08,0.96,1.02,725492
15-Oct-08,0.99,1.03,0.93,0.96,842851
14-Oct-08,0.94,1.03,0.91,0.99,719766
13-Oct-08,0.83,0.97,0.82,0.94,525379
10-Oct-08,0.67,0.79,0.66,0.78,763868
9-Oct-08,0.85,0.88,0.71,0.71,474991
8-Oct-08,0.75,0.85,0.73,0.80,913354
7-Oct-08,0.89,0.98,0.78,0.78,685659
6-Oct-08,1.00,1.02,0.67,0.85,1193469
3-Oct-08,1.03,1.05,1.00,1.00,524108
2-Oct-08,1.05,1.07,1.03,1.04,296886
1-Oct-08,1.04,1.08,1.03,1.03,351269
30-Sep-08,1.02,1.04,1.02,1.03,361821
29-Sep-08,1.08,1.08,1.02,1.05,582785
26-Sep-08,1.02,1.08,1.02,1.08,552542
25-Sep-08,1.08,1.12,1.02,1.05,550954
24-Sep-08,1.11,1.12,1.08,1.11,234213
23-Sep-08,1.10,1.14,1.08,1.10,287290
22-Sep-08,1.15,1.15,1.10,1.10,164279
19-Sep-08,1.09,1.17,1.08,1.17,604525
18-Sep-08,1.02,1.07,1.00,1.06,812997
17-Sep-08,1.06,1.12,1.05,1.05,398536
16-Sep-08,1.13,1.13,1.07,1.11,280257
15-Sep-08,1.10,1.12,1.08,1.12,444345
12-Sep-08,1.11,1.13,1.10,1.11,258690
11-Sep-08,1.15,1.17,1.11,1.12,268243
10-Sep-08,1.16,1.18,1.15,1.15,251859
9-Sep-08,1.17,1.21,1.16,1.18,296033
8-Sep-08,1.17,1.19,1.15,1.16,170087
5-Sep-08,1.18,1.20,1.15,1.16,208096
4-Sep-08,1.17,1.19,1.15,1.18,212681
3-Sep-08,1.22,1.23,1.17,1.17,405870
2-Sep-08,1.23,1.26,1.22,1.22,323207
29-Aug-08,1.20,1.27,1.17,1.22,543163
28-Aug-08,1.20,1.24,1.17,1.22,198315
27-Aug-08,1.17,1.20,1.16,1.17,194108
26-Aug-08,1.19,1.20,1.17,1.18,165849
25-Aug-08,1.24,1.24,1.20,1.20,170282
22-Aug-08,1.25,1.25,1.22,1.24,113551
21-Aug-08,1.24,1.24,1.21,1.23,149279
20-Aug-08,1.26,1.27,1.23,1.25,183197
19-Aug-08,1.29,1.29,1.23,1.26,396263
18-Aug-08,1.27,1.34,1.26,1.26,318447
15-Aug-08,1.29,1.30,1.26,1.26,103144
14-Aug-08,1.29,1.29,1.26,1.26,111929
13-Aug-08,1.28,1.30,1.26,1.26,114049
12-Aug-08,1.32,1.32,1.26,1.28,179847
11-Aug-08,1.23,1.32,1.21,1.31,279845
8-Aug-08,1.19,1.27,1.18,1.25,306991
7-Aug-08,1.31,1.34,1.15,1.15,504951
6-Aug-08,1.35,1.36,1.30,1.35,142098
5-Aug-08,1.30,1.35,1.30,1.34,262626
4-Aug-08,1.38,1.38,1.30,1.30,203771
1-Aug-08,1.32,1.37,1.31,1.37,167956
31-Jul-08,1.27,1.37,1.27,1.35,218779
30-Jul-08,1.25,1.39,1.25,1.31,296502
29-Jul-08,1.32,1.33,1.26,1.26,173576
28-Jul-08,1.35,1.40,1.32,1.33,235091
25-Jul-08,1.37,1.39,1.34,1.34,140633
24-Jul-08,1.38,1.39,1.36,1.37,145909
23-Jul-08,1.42,1.43,1.35,1.38,326058
22-Jul-08,1.30,1.43,1.30,1.43,569038
21-Jul-08,1.28,1.37,1.24,1.31,540900
18-Jul-08,1.20,1.29,1.20,1.24,307790
17-Jul-08,1.17,1.24,1.14,1.23,347952
16-Jul-08,1.12,1.18,1.12,1.14,312657
15-Jul-08,1.08,1.17,1.06,1.13,298447
14-Jul-08,1.15,1.18,1.10,1.11,305368
11-Jul-08,1.14,1.18,1.11,1.12,390176
10-Jul-08,1.19,1.21,1.16,1.16,197697
9-Jul-08,1.23,1.23,1.18,1.20,277081
8-Jul-08,1.05,1.23,1.05,1.23,415111
7-Jul-08,1.08,1.11,1.05,1.06,263010
3-Jul-08,1.10,1.14,1.08,1.10,206921
2-Jul-08,1.15,1.18,1.12,1.13,309741
1-Jul-08,1.21,1.24,1.16,1.17,176769
30-Jun-08,1.21,1.25,1.17,1.25,356494
27-Jun-08,1.26,1.26,1.20,1.20,273468
26-Jun-08,1.19,1.26,1.19,1.26,300481
25-Jun-08,1.20,1.21,1.11,1.20,451716
24-Jun-08,1.27,1.28,1.22,1.23,212092
23-Jun-08,1.30,1.31,1.26,1.27,128675
20-Jun-08,1.27,1.30,1.25,1.30,253513
19-Jun-08,1.30,1.32,1.28,1.29,216431
18-Jun-08,1.37,1.37,1.30,1.30,267435
17-Jun-08,1.39,1.40,1.35,1.36,173988
16-Jun-08,1.37,1.40,1.34,1.37,218704
13-Jun-08,1.35,1.35,1.32,1.34,117698
12-Jun-08,1.38,1.38,1.32,1.33,225678
11-Jun-08,1.38,1.40,1.35,1.37,235258
10-Jun-08,1.39,1.41,1.38,1.39,197771
9-Jun-08,1.46,1.46,1.38,1.42,270889
6-Jun-08,1.42,1.46,1.41,1.46,334373
5-Jun-08,1.38,1.44,1.38,1.40,393381
4-Jun-08,1.40,1.41,1.38,1.38,179776
3-Jun-08,1.40,1.41,1.37,1.40,141818
2-Jun-08,1.40,1.43,1.39,1.41,158897
30-May-08,1.41,1.43,1.40,1.41,77932
29-May-08,1.38,1.42,1.38,1.40,169202
28-May-08,1.40,1.42,1.38,1.38,102601
27-May-08,1.46,1.46,1.39,1.40,160781
23-May-08,1.40,1.45,1.39,1.43,225546
22-May-08,1.42,1.44,1.40,1.40,259427
21-May-08,1.45,1.46,1.42,1.44,230165
20-May-08,1.41,1.48,1.41,1.47,311078
19-May-08,1.44,1.46,1.41,1.41,251127
16-May-08,1.43,1.48,1.43,1.46,199119
15-May-08,1.43,1.45,1.42,1.43,221905
14-May-08,1.50,1.50,1.43,1.43,282437
13-May-08,1.52,1.52,1.46,1.49,151024
12-May-08,1.51,1.52,1.48,1.49,200215
9-May-08,1.42,1.48,1.40,1.48,440081
8-May-08,1.51,1.52,1.41,1.41,421693
7-May-08,1.56,1.56,1.48,1.49,484838
6-May-08,1.68,1.68,1.51,1.56,909666
5-May-08,1.60,1.67,1.60,1.67,279009
2-May-08,1.55,1.64,1.53,1.60,529966
1-May-08,1.49,1.55,1.49,1.55,169450
30-Apr-08,1.53,1.55,1.50,1.51,263037
29-Apr-08,1.57,1.57,1.50,1.55,275897
28-Apr-08,1.60,1.60,1.52,1.58,288231
25-Apr-08,1.65,1.65,1.53,1.59,340750
24-Apr-08,1.75,1.75,1.52,1.62,1024728
23-Apr-08,1.50,1.75,1.45,1.69,1952298
22-Apr-08,1.36,1.39,1.35,1.37,183608
21-Apr-08,1.39,1.42,1.35,1.36,194007
18-Apr-08,1.45,1.45,1.36,1.41,393414
17-Apr-08,1.37,1.45,1.37,1.43,286238
16-Apr-08,1.42,1.45,1.39,1.40,330392
15-Apr-08,1.45,1.45,1.41,1.44,314926
14-Apr-08,1.46,1.46,1.39,1.40,194169
11-Apr-08,1.43,1.44,1.34,1.44,716109
10-Apr-08,1.51,1.63,1.41,1.45,2113493
9-Apr-08,1.55,1.57,1.48,1.51,469148
8-Apr-08,1.55,1.58,1.55,1.57,120059
7-Apr-08,1.52,1.58,1.52,1.55,270753
4-Apr-08,1.51,1.55,1.51,1.53,178366
3-Apr-08,1.50,1.57,1.50,1.53,273299
2-Apr-08,1.57,1.58,1.50,1.54,327556
1-Apr-08,1.56,1.60,1.50,1.58,436434
31-Mar-08,1.58,1.60,1.51,1.57,430678
28-Mar-08,1.51,1.57,1.51,1.56,404345
27-Mar-08,1.51,1.55,1.44,1.48,291594
26-Mar-08,1.36,1.54,1.35,1.49,489171
25-Mar-08,1.42,1.45,1.37,1.38,264067
24-Mar-08,1.36,1.45,1.36,1.40,476479
20-Mar-08,1.30,1.36,1.26,1.36,386438
19-Mar-08,1.30,1.32,1.25,1.32,395507
18-Mar-08,1.30,1.30,1.25,1.27,293121
17-Mar-08,1.33,1.39,1.20,1.26,406326
14-Mar-08,1.35,1.45,1.22,1.39,402904
13-Mar-08,1.38,1.39,1.30,1.35,346421
12-Mar-08,1.33,1.40,1.30,1.40,451660
11-Mar-08,1.23,1.35,1.23,1.35,568581
10-Mar-08,1.37,1.37,1.25,1.26,451964
7-Mar-08,1.30,1.40,1.25,1.38,493901
6-Mar-08,1.46,1.47,1.30,1.38,808988
5-Mar-08,1.50,1.51,1.46,1.47,265204
4-Mar-08,1.46,1.49,1.46,1.49,277416
3-Mar-08,1.52,1.53,1.50,1.50,258364
29-Feb-08,1.59,1.59,1.51,1.51,268040
28-Feb-08,1.65,1.65,1.59,1.60,231626
27-Feb-08,1.64,1.65,1.60,1.63,174691
26-Feb-08,1.64,1.64,1.57,1.64,319732
25-Feb-08,1.61,1.67,1.61,1.62,268948
22-Feb-08,1.69,1.69,1.61,1.61,385650
21-Feb-08,1.72,1.73,1.60,1.69,515251
20-Feb-08,1.63,1.74,1.57,1.69,615132
19-Feb-08,1.61,1.63,1.55,1.60,256712
15-Feb-08,1.67,1.67,1.55,1.57,308421
14-Feb-08,1.69,1.69,1.60,1.65,337278
13-Feb-08,1.70,1.70,1.65,1.69,312298
12-Feb-08,1.68,1.73,1.64,1.67,494891
11-Feb-08,1.56,1.68,1.56,1.68,694340
8-Feb-08,1.65,1.65,1.52,1.53,519510
7-Feb-08,1.61,1.68,1.45,1.65,1059518
6-Feb-08,1.90,1.90,1.55,1.59,1754767
5-Feb-08,1.70,1.85,1.67,1.85,1419379
4-Feb-08,1.55,1.80,1.52,1.70,2012572
1-Feb-08,1.38,1.53,1.35,1.53,848404
31-Jan-08,1.35,1.37,1.30,1.34,596552
30-Jan-08,1.32,1.38,1.30,1.35,823404
29-Jan-08,1.12,1.34,1.10,1.31,1262974
28-Jan-08,1.12,1.14,1.07,1.10,361499
25-Jan-08,1.15,1.17,1.10,1.12,448876
24-Jan-08,1.08,1.12,1.06,1.12,473317
23-Jan-08,1.08,1.10,1.00,1.04,1086836
22-Jan-08,1.07,1.18,1.02,1.10,763759
18-Jan-08,1.16,1.35,1.10,1.22,1093225
17-Jan-08,1.31,1.35,1.21,1.24,640449
16-Jan-08,1.34,1.38,1.25,1.33,800067
15-Jan-08,1.34,1.40,1.33,1.37,514158
14-Jan-08,1.40,1.41,1.35,1.36,425498
11-Jan-08,1.40,1.41,1.36,1.39,339910
10-Jan-08,1.38,1.50,1.30,1.38,626382
9-Jan-08,1.48,1.48,1.30,1.38,658021
8-Jan-08,1.47,1.52,1.44,1.49,491455
7-Jan-08,1.46,1.48,1.42,1.44,540942
4-Jan-08,1.48,1.48,1.45,1.45,300450
3-Jan-08,1.54,1.55,1.48,1.51,412750
2-Jan-08,1.50,1.55,1.50,1.55,438255
31-Dec-07,1.48,1.52,1.40,1.50,1241533
28-Dec-07,1.50,1.51,1.49,1.50,693965
27-Dec-07,1.51,1.53,1.48,1.51,600827
26-Dec-07,1.54,1.55,1.50,1.53,636595
24-Dec-07,1.50,1.55,1.50,1.53,309840
21-Dec-07,1.61,1.62,1.49,1.54,835683
20-Dec-07,1.62,1.62,1.57,1.58,441833
19-Dec-07,1.60,1.64,1.60,1.62,452838
18-Dec-07,1.69,1.69,1.56,1.61,999832
17-Dec-07,1.75,1.77,1.70,1.71,438478
14-Dec-07,1.80,1.82,1.75,1.76,296859
13-Dec-07,1.80,1.82,1.77,1.80,238811
12-Dec-07,1.82,1.86,1.79,1.82,274379
11-Dec-07,1.88,1.88,1.80,1.81,305706
10-Dec-07,1.90,1.96,1.86,1.89,376302
7-Dec-07,1.89,1.93,1.87,1.92,338131
6-Dec-07,1.92,1.92,1.86,1.89,266955
5-Dec-07,1.89,1.92,1.85,1.89,321648
4-Dec-07,1.96,1.96,1.85,1.88,394381
3-Dec-07,1.99,2.00,1.91,1.96,521934
30-Nov-07,1.88,1.94,1.85,1.94,1058536
29-Nov-07,1.95,1.95,1.61,1.81,2379909
28-Nov-07,1.86,1.95,1.86,1.95,538631
27-Nov-07,1.92,1.94,1.84,1.86,770079
26-Nov-07,2.00,2.03,1.90,1.95,706887
23-Nov-07,2.12,2.16,2.00,2.01,652484
21-Nov-07,2.00,2.20,1.87,2.08,2956817
20-Nov-07,1.94,1.94,1.80,1.80,783023
19-Nov-07,1.94,1.95,1.90,1.91,441766
16-Nov-07,2.01,2.01,1.95,1.95,393433
15-Nov-07,1.99,2.03,1.96,1.97,290129
14-Nov-07,2.00,2.03,1.95,1.97,412045
13-Nov-07,2.01,2.05,1.94,1.97,378909
12-Nov-07,1.92,2.00,1.90,1.97,506414
9-Nov-07,1.96,1.96,1.90,1.93,438820
8-Nov-07,1.99,2.01,1.95,1.96,609682
7-Nov-07,2.00,2.02,1.99,2.00,561035
6-Nov-07,2.06,2.08,2.00,2.03,773058
5-Nov-07,2.08,2.10,2.03,2.04,502010
2-Nov-07,2.15,2.16,2.09,2.11,395069
1-Nov-07,2.21,2.21,2.14,2.15,353183
31-Oct-07,2.18,2.24,2.13,2.19,610849
30-Oct-07,2.15,2.18,2.13,2.16,337251
29-Oct-07,2.13,2.18,2.13,2.17,269117
26-Oct-07,2.10,2.16,2.10,2.16,486194
25-Oct-07,2.20,2.20,2.10,2.12,345347
24-Oct-07,2.15,2.20,2.08,2.20,455954
23-Oct-07,2.18,2.20,2.15,2.17,251627
22-Oct-07,2.16,2.23,2.15,2.20,524205
19-Oct-07,2.29,2.29,2.18,2.20,539449
18-Oct-07,2.30,2.31,2.21,2.27,600454
17-Oct-07,2.24,2.30,2.22,2.29,411355
16-Oct-07,2.25,2.29,2.21,2.22,404031
15-Oct-07,2.25,2.33,2.25,2.29,504455
12-Oct-07,2.29,2.33,2.26,2.30,553535
11-Oct-07,2.36,2.44,2.27,2.31,642364
10-Oct-07,2.38,2.39,2.32,2.36,392973
9-Oct-07,2.35,2.38,2.29,2.38,455007
8-Oct-07,2.37,2.37,2.32,2.36,442945
5-Oct-07,2.37,2.37,2.26,2.36,792717
4-Oct-07,2.47,2.53,2.30,2.33,1708582
3-Oct-07,2.22,2.48,2.16,2.46,2655980
2-Oct-07,2.15,2.22,2.13,2.17,665860
1-Oct-07,2.11,2.12,2.08,2.10,381612
28-Sep-07,2.13,2.16,2.11,2.11,195999
27-Sep-07,2.16,2.17,2.14,2.15,308513
26-Sep-07,2.10,2.20,2.09,2.15,1259169
25-Sep-07,2.04,2.14,2.03,2.13,514590
24-Sep-07,2.09,2.10,2.06,2.08,180593
21-Sep-07,2.07,2.10,2.05,2.09,323469
20-Sep-07,2.02,2.09,2.02,2.06,297402
19-Sep-07,2.08,2.10,2.00,2.04,544689
18-Sep-07,2.05,2.11,2.05,2.09,225476
17-Sep-07,2.14,2.14,2.01,2.05,360067
14-Sep-07,2.05,2.10,2.02,2.10,270696
13-Sep-07,2.05,2.10,2.05,2.06,198011
12-Sep-07,2.06,2.08,2.02,2.05,297494
11-Sep-07,2.10,2.13,2.05,2.07,494452
10-Sep-07,2.15,2.18,2.10,2.10,239623
7-Sep-07,2.14,2.16,2.12,2.15,249987
6-Sep-07,2.18,2.19,2.14,2.17,195050
5-Sep-07,2.22,2.22,2.17,2.19,173303
4-Sep-07,2.13,2.22,2.13,2.22,231382
31-Aug-07,2.15,2.21,2.14,2.16,274401
30-Aug-07,2.22,2.23,2.14,2.15,362021
29-Aug-07,2.15,2.24,2.15,2.19,287139
28-Aug-07,2.22,2.26,2.16,2.18,302171
27-Aug-07,2.17,2.29,2.17,2.25,527847
24-Aug-07,2.20,2.22,2.16,2.17,241884
23-Aug-07,2.19,2.22,2.16,2.21,184354
22-Aug-07,2.20,2.25,2.15,2.18,403652
21-Aug-07,2.15,2.16,2.10,2.16,238219
20-Aug-07,2.15,2.22,2.10,2.10,198612
17-Aug-07,2.07,2.19,2.01,2.18,628998
16-Aug-07,2.12,2.12,1.97,2.04,1030718
15-Aug-07,2.13,2.24,2.10,2.16,423857
14-Aug-07,2.17,2.22,2.15,2.16,278421
13-Aug-07,2.33,2.34,2.19,2.21,623287
10-Aug-07,2.14,2.39,2.07,2.32,1501326
9-Aug-07,2.06,2.15,2.01,2.15,598722
8-Aug-07,1.96,2.10,1.96,2.09,811931
7-Aug-07,1.94,1.99,1.92,1.99,464628
6-Aug-07,1.92,1.97,1.90,1.95,641592
3-Aug-07,1.98,2.00,1.92,1.92,429815
2-Aug-07,2.00,2.04,1.96,1.98,539262
1-Aug-07,2.05,2.07,1.95,1.98,1224325
31-Jul-07,2.05,2.13,2.05,2.05,384816
30-Jul-07,2.19,2.19,2.05,2.10,857934
27-Jul-07,2.17,2.24,2.17,2.18,321861
26-Jul-07,2.26,2.26,2.14,2.19,853144
25-Jul-07,2.27,2.29,2.25,2.25,384049
24-Jul-07,2.32,2.33,2.28,2.28,530144
23-Jul-07,2.34,2.35,2.31,2.32,282221
20-Jul-07,2.33,2.37,2.31,2.36,350235
19-Jul-07,2.30,2.35,2.30,2.35,302793
18-Jul-07,2.32,2.33,2.30,2.30,368188
17-Jul-07,2.33,2.37,2.33,2.34,203303
16-Jul-07,2.39,2.43,2.33,2.34,441647
13-Jul-07,2.38,2.40,2.35,2.39,477592
12-Jul-07,2.38,2.40,2.37,2.38,323506
11-Jul-07,2.45,2.45,2.35,2.40,582377
10-Jul-07,2.34,2.45,2.32,2.45,1390714
9-Jul-07,2.31,2.35,2.31,2.33,433785
6-Jul-07,2.33,2.34,2.30,2.31,436417
5-Jul-07,2.30,2.34,2.29,2.33,473220
3-Jul-07,2.31,2.34,2.30,2.30,348173
2-Jul-07,2.30,2.35,2.30,2.34,289799
29-Jun-07,2.32,2.36,2.30,2.31,502248
28-Jun-07,2.36,2.41,2.30,2.30,967511
27-Jun-07,2.38,2.38,2.27,2.36,1247691
26-Jun-07,2.42,2.46,2.39,2.40,594353
25-Jun-07,2.42,2.46,2.42,2.43,279366
22-Jun-07,2.45,2.47,2.42,2.42,469590
21-Jun-07,2.50,2.50,2.45,2.45,347812
20-Jun-07,2.54,2.54,2.48,2.48,454885
19-Jun-07,2.52,2.58,2.52,2.54,624830
18-Jun-07,2.55,2.59,2.48,2.53,927581
15-Jun-07,2.47,2.50,2.41,2.46,646735
14-Jun-07,2.42,2.45,2.42,2.44,192016
13-Jun-07,2.44,2.45,2.40,2.43,590926
12-Jun-07,2.49,2.49,2.45,2.45,422125
11-Jun-07,2.50,2.55,2.49,2.49,351346
8-Jun-07,2.56,2.57,2.49,2.50,622430
7-Jun-07,2.62,2.69,2.47,2.53,3553673
6-Jun-07,2.45,2.55,2.42,2.53,1126609
5-Jun-07,2.45,2.45,2.41,2.44,564056
4-Jun-07,2.41,2.44,2.41,2.42,401413
1-Jun-07,2.44,2.49,2.40,2.43,646788
31-May-07,2.46,2.50,2.45,2.45,495809
30-May-07,2.50,2.51,2.46,2.47,633993
29-May-07,2.53,2.53,2.50,2.50,412432
25-May-07,2.51,2.55,2.50,2.50,470803
24-May-07,2.61,2.61,2.50,2.51,856200
23-May-07,2.57,2.65,2.54,2.57,1133971
22-May-07,2.54,2.58,2.54,2.55,564959
21-May-07,2.54,2.58,2.52,2.55,664148
18-May-07,2.61,2.61,2.51,2.56,1124410
17-May-07,2.59,2.66,2.58,2.61,2540446
16-May-07,2.51,2.65,2.48,2.56,1391423
15-May-07,2.52,2.56,2.50,2.50,761354
14-May-07,2.53,2.65,2.49,2.55,2152550
11-May-07,2.53,2.53,2.50,2.52,513763
10-May-07,2.51,2.54,2.50,2.51,430001
9-May-07,2.57,2.58,2.50,2.54,618644
8-May-07,2.64,2.67,2.53,2.55,1318874
7-May-07,2.65,2.69,2.55,2.61,1670973
4-May-07,2.57,2.57,2.50,2.51,637980
3-May-07,2.50,2.57,2.50,2.53,518850
2-May-07,2.45,2.54,2.45,2.51,1041667
1-May-07,2.51,2.52,2.45,2.45,860280
30-Apr-07,2.52,2.57,2.51,2.51,855952
27-Apr-07,2.57,2.59,2.52,2.53,836540
26-Apr-07,2.62,2.63,2.57,2.57,749672
25-Apr-07,2.68,2.68,2.61,2.61,615216
24-Apr-07,2.65,2.83,2.62,2.65,1977745
23-Apr-07,2.66,2.71,2.65,2.65,594714
20-Apr-07,2.65,2.73,2.65,2.66,1032211
19-Apr-07,2.75,2.75,2.64,2.67,1190472
18-Apr-07,2.70,2.75,2.69,2.72,639304
17-Apr-07,2.70,2.75,2.70,2.70,1210039
16-Apr-07,2.80,2.80,2.71,2.72,941351
13-Apr-07,2.76,2.83,2.73,2.79,1294798
12-Apr-07,2.83,2.83,2.70,2.76,2177928
11-Apr-07,2.95,2.98,2.81,2.86,1961304
10-Apr-07,2.93,3.03,2.80,2.89,5003971
9-Apr-07,3.02,3.09,2.86,2.86,4197813
5-Apr-07,2.77,2.98,2.77,2.94,3099833
4-Apr-07,2.83,2.84,2.75,2.76,1158504
3-Apr-07,2.90,2.91,2.75,2.80,2796719
2-Apr-07,2.61,2.98,2.61,2.98,5322591
30-Mar-07,2.52,2.60,2.52,2.52,552532
29-Mar-07,2.56,2.60,2.52,2.55,543583
28-Mar-07,2.49,2.65,2.47,2.57,1316267
27-Mar-07,2.63,2.63,2.49,2.50,1200696
26-Mar-07,2.51,2.72,2.51,2.64,2509055
23-Mar-07,2.45,2.46,2.39,2.42,551757
22-Mar-07,2.46,2.47,2.41,2.45,541149
21-Mar-07,2.40,2.45,2.39,2.45,782306
20-Mar-07,2.39,2.42,2.36,2.39,639558
19-Mar-07,2.45,2.46,2.38,2.41,677715
16-Mar-07,2.43,2.46,2.42,2.43,413747
15-Mar-07,2.43,2.49,2.42,2.43,455210
14-Mar-07,2.46,2.48,2.40,2.43,784227
13-Mar-07,2.54,2.55,2.45,2.46,539826
12-Mar-07,2.52,2.60,2.51,2.53,530500
9-Mar-07,2.57,2.59,2.52,2.53,439247
8-Mar-07,2.61,2.65,2.54,2.57,838351
7-Mar-07,2.60,2.65,2.52,2.59,1101322
6-Mar-07,2.48,2.58,2.42,2.56,1028985
5-Mar-07,2.55,2.60,2.36,2.40,1017638
2-Mar-07,2.55,2.60,2.53,2.55,805172
1-Mar-07,2.60,2.61,2.53,2.56,1158174
28-Feb-07,2.70,2.75,2.62,2.62,1028104
27-Feb-07,2.82,2.82,2.65,2.68,1580801
26-Feb-07,2.86,2.88,2.79,2.83,366500
23-Feb-07,2.90,2.90,2.85,2.87,489672
22-Feb-07,2.95,2.95,2.88,2.90,597809
21-Feb-07,2.99,2.99,2.93,2.95,909522
20-Feb-07,2.80,3.20,2.80,2.97,4609015
16-Feb-07,2.81,2.86,2.80,2.80,685507
15-Feb-07,2.82,2.85,2.80,2.80,529134
14-Feb-07,2.81,2.87,2.80,2.84,687190
13-Feb-07,2.80,2.87,2.80,2.80,694183
12-Feb-07,2.87,2.87,2.81,2.82,506105
9-Feb-07,2.86,2.91,2.83,2.85,996427
8-Feb-07,2.90,2.95,2.85,2.87,984857
7-Feb-07,2.95,2.96,2.89,2.90,634074
6-Feb-07,2.95,2.96,2.89,2.91,738923
5-Feb-07,2.99,2.99,2.92,2.93,808384
2-Feb-07,2.95,2.96,2.90,2.96,791288
1-Feb-07,2.86,2.95,2.86,2.93,977097
31-Jan-07,2.85,2.85,2.80,2.83,835413
30-Jan-07,2.95,2.95,2.86,2.86,726369
29-Jan-07,2.88,2.95,2.87,2.95,998267
26-Jan-07,2.85,2.95,2.85,2.90,1366890
25-Jan-07,2.83,2.90,2.81,2.84,909772
24-Jan-07,2.91,2.91,2.82,2.83,1489619
23-Jan-07,2.93,2.96,2.92,2.92,650101
22-Jan-07,3.02,3.02,2.90,2.98,800561
19-Jan-07,3.01,3.02,2.94,3.00,1271916
18-Jan-07,3.15,3.17,3.01,3.02,1311657
17-Jan-07,3.16,3.21,3.11,3.12,1348101
16-Jan-07,3.07,3.14,3.05,3.14,2113801
12-Jan-07,3.02,3.15,3.00,3.04,5866450
11-Jan-07,3.43,3.54,3.25,3.35,8032548
10-Jan-07,3.42,3.50,3.32,3.43,3509059
9-Jan-07,3.62,3.63,3.30,3.44,6298566
8-Jan-07,3.51,3.59,3.42,3.52,8369640
5-Jan-07,3.21,3.42,3.21,3.32,8553146
4-Jan-07,2.69,3.17,2.68,3.11,7599956
3-Jan-07,2.70,2.73,2.65,2.66,1157590
29-Dec-06,2.58,2.65,2.55,2.65,1171072
28-Dec-06,2.55,2.65,2.55,2.60,1060159
27-Dec-06,2.53,2.62,2.53,2.58,787582
26-Dec-06,2.63,2.65,2.53,2.54,799631
22-Dec-06,2.64,2.68,2.60,2.64,583860
21-Dec-06,2.64,2.69,2.62,2.67,692543
20-Dec-06,2.62,2.69,2.61,2.61,854235
19-Dec-06,2.66,2.69,2.62,2.63,813901
18-Dec-06,2.82,2.83,2.67,2.68,1902487
15-Dec-06,2.90,2.91,2.80,2.80,981775
14-Dec-06,2.90,2.93,2.87,2.87,942399
13-Dec-06,3.00,3.01,2.90,2.91,1185583
12-Dec-06,3.03,3.03,2.98,2.99,884699
11-Dec-06,3.04,3.07,2.97,2.98,1119632
8-Dec-06,3.06,3.06,2.96,2.99,863450
7-Dec-06,3.04,3.09,3.00,3.05,1656749
6-Dec-06,2.98,3.07,2.93,3.01,1451860
5-Dec-06,3.05,3.09,2.96,2.97,1392199
4-Dec-06,2.90,3.05,2.90,3.02,1889121
1-Dec-06,2.90,2.96,2.87,2.90,1248873
30-Nov-06,2.85,3.00,2.85,2.98,1608973
29-Nov-06,2.81,2.90,2.81,2.85,1484328
28-Nov-06,2.88,2.89,2.78,2.81,2250366
27-Nov-06,3.09,3.09,2.90,2.91,2730999
24-Nov-06,3.17,3.25,3.07,3.08,1276209
22-Nov-06,3.25,3.30,3.17,3.18,1291193
21-Nov-06,3.32,3.32,3.25,3.27,896341
20-Nov-06,3.32,3.37,3.25,3.25,1175689
17-Nov-06,3.26,3.33,3.20,3.29,1361319
16-Nov-06,3.38,3.39,3.25,3.27,1398573
15-Nov-06,3.48,3.49,3.33,3.34,5185713
14-Nov-06,3.18,3.20,3.13,3.18,1526672
13-Nov-06,3.18,3.24,3.13,3.20,1478614
10-Nov-06,3.27,3.27,3.11,3.19,3043016
9-Nov-06,3.42,3.48,3.20,3.24,5931119
8-Nov-06,3.42,3.49,3.25,3.39,16556930
7-Nov-06,3.13,3.20,3.01,3.07,3655606
6-Nov-06,3.01,3.17,2.94,3.05,3434147
3-Nov-06,3.03,3.06,2.89,2.94,1699710
2-Nov-06,2.98,3.08,2.80,2.98,3495171
1-Nov-06,3.15,3.17,2.91,2.94,3478603
31-Oct-06,3.22,3.26,3.12,3.17,3669494
30-Oct-06,3.02,3.20,2.96,3.15,4575775
27-Oct-06,2.76,3.06,2.75,2.92,3822571
26-Oct-06,2.74,2.78,2.71,2.76,904446
25-Oct-06,2.62,2.75,2.61,2.69,901545
24-Oct-06,2.84,2.84,2.63,2.68,1544393
23-Oct-06,2.74,2.89,2.70,2.84,1817796
20-Oct-06,2.60,2.83,2.53,2.74,2569763
19-Oct-06,2.63,2.68,2.53,2.62,641633
18-Oct-06,2.70,2.75,2.52,2.64,1895031
17-Oct-06,2.51,2.76,2.45,2.69,4162294
16-Oct-06,2.35,2.54,2.32,2.49,2815477
13-Oct-06,2.25,2.35,2.25,2.34,1692095
12-Oct-06,2.23,2.27,2.22,2.26,365073
11-Oct-06,2.25,2.28,2.20,2.23,500918
10-Oct-06,2.33,2.34,2.25,2.28,593145
9-Oct-06,2.29,2.38,2.23,2.32,1205628
6-Oct-06,2.16,2.27,2.13,2.26,1519621
5-Oct-06,2.05,2.15,2.05,2.13,532536
4-Oct-06,2.07,2.12,2.07,2.07,433878
3-Oct-06,2.11,2.14,2.05,2.09,604433
2-Oct-06,2.15,2.19,2.10,2.10,429796
29-Sep-06,2.16,2.19,2.12,2.13,644865
28-Sep-06,2.15,2.19,2.14,2.17,257851
27-Sep-06,2.18,2.19,2.15,2.17,626825
26-Sep-06,2.15,2.18,2.14,2.16,551894
25-Sep-06,2.23,2.23,2.13,2.14,479027
22-Sep-06,2.20,2.20,2.12,2.19,512412
21-Sep-06,2.22,2.25,2.16,2.18,702643
20-Sep-06,2.28,2.29,2.20,2.23,827899
19-Sep-06,2.20,2.38,2.20,2.29,1698409
18-Sep-06,2.25,2.25,2.20,2.21,381693
15-Sep-06,2.20,2.27,2.10,2.25,1125561
14-Sep-06,2.16,2.17,2.14,2.16,353088
13-Sep-06,2.12,2.18,2.11,2.14,350103
12-Sep-06,2.17,2.17,2.10,2.14,536278
11-Sep-06,2.22,2.24,2.12,2.15,616599
8-Sep-06,2.24,2.25,2.20,2.25,297676
7-Sep-06,2.25,2.27,2.20,2.26,504156
6-Sep-06,2.28,2.36,2.25,2.28,779660
5-Sep-06,2.30,2.37,2.30,2.31,311889
1-Sep-06,2.33,2.35,2.28,2.33,392313
31-Aug-06,2.38,2.38,2.26,2.32,635910
30-Aug-06,2.42,2.44,2.33,2.39,812190
29-Aug-06,2.36,2.45,2.34,2.41,2026580
28-Aug-06,2.28,2.30,2.17,2.25,922224
25-Aug-06,2.31,2.37,2.22,2.31,1000313
24-Aug-06,2.32,2.46,2.25,2.35,3902843
23-Aug-06,2.04,2.33,2.00,2.25,2451320
22-Aug-06,1.98,2.06,1.98,2.04,371209
21-Aug-06,2.06,2.06,1.96,2.01,464879
18-Aug-06,2.06,2.06,2.01,2.05,306060
17-Aug-06,2.00,2.05,1.93,2.05,403939
16-Aug-06,1.96,2.00,1.94,1.98,358984
15-Aug-06,1.96,1.98,1.91,1.95,419822
14-Aug-06,1.96,2.00,1.91,1.94,545744
11-Aug-06,2.02,2.05,1.92,1.95,903026
10-Aug-06,2.09,2.10,2.01,2.04,470300
9-Aug-06,2.06,2.13,2.06,2.07,293567
8-Aug-06,2.11,2.11,2.06,2.06,315922
7-Aug-06,2.17,2.17,2.05,2.05,510617
4-Aug-06,2.20,2.23,2.13,2.14,315195
3-Aug-06,2.13,2.18,2.12,2.18,378925
2-Aug-06,2.14,2.23,2.13,2.13,448196
1-Aug-06,2.31,2.31,2.11,2.15,748902
31-Jul-06,2.05,2.32,2.05,2.27,1502318
28-Jul-06,2.09,2.12,2.04,2.06,284345
27-Jul-06,2.16,2.17,2.01,2.07,524825
26-Jul-06,2.18,2.19,2.13,2.15,455954
25-Jul-06,2.13,2.20,2.12,2.17,579814
24-Jul-06,2.00,2.13,1.99,2.10,830980
21-Jul-06,2.10,2.11,1.97,2.00,1124978
20-Jul-06,2.33,2.33,2.10,2.13,1212839
19-Jul-06,2.28,2.35,2.16,2.34,1752638
18-Jul-06,2.42,2.42,2.28,2.31,1298990
17-Jul-06,2.50,2.50,2.26,2.38,2151844
14-Jul-06,2.42,2.46,2.35,2.44,1390852
13-Jul-06,2.40,2.56,2.25,2.38,3252851
12-Jul-06,2.27,2.44,2.18,2.44,4349141
11-Jul-06,2.05,2.25,1.96,2.25,1559662
10-Jul-06,2.24,2.24,2.02,2.05,1587771
7-Jul-06,2.13,2.25,2.05,2.24,2655565
6-Jul-06,1.94,2.20,1.94,2.19,2148243
5-Jul-06,1.97,1.98,1.91,1.94,821203
3-Jul-06,2.02,2.04,1.93,1.96,602423
30-Jun-06,1.98,2.05,1.87,2.05,9055912
29-Jun-06,1.90,1.98,1.86,1.98,716872
28-Jun-06,1.86,1.90,1.82,1.89,664413
27-Jun-06,1.86,2.02,1.85,1.87,1501881
26-Jun-06,1.84,1.88,1.83,1.86,432969
23-Jun-06,1.87,1.88,1.80,1.83,857783
22-Jun-06,2.00,2.01,1.87,1.88,814026
21-Jun-06,2.04,2.05,1.91,1.97,1766387
20-Jun-06,1.80,1.86,1.77,1.80,687085
19-Jun-06,1.92,1.93,1.80,1.81,675437
16-Jun-06,1.96,2.01,1.87,1.88,1508787
15-Jun-06,1.84,2.04,1.84,1.99,1293000
14-Jun-06,1.85,1.88,1.77,1.82,1270520
13-Jun-06,2.01,2.02,1.87,1.88,1249545
12-Jun-06,2.11,2.14,2.00,2.03,938493
9-Jun-06,2.12,2.18,2.10,2.13,606174
8-Jun-06,2.11,2.16,2.07,2.14,812920
7-Jun-06,2.17,2.18,2.10,2.12,689988
6-Jun-06,2.20,2.23,2.10,2.10,861327
5-Jun-06,2.32,2.33,2.19,2.21,686810
2-Jun-06,2.26,2.48,2.23,2.29,534758
1-Jun-06,2.21,2.27,2.19,2.26,610526
31-May-06,2.27,2.29,2.17,2.22,786455
30-May-06,2.38,2.38,2.21,2.23,1048334
26-May-06,2.11,2.36,2.10,2.34,1870072
25-May-06,2.08,2.14,2.04,2.11,639634
24-May-06,2.12,2.15,2.03,2.09,857029
23-May-06,2.14,2.19,2.12,2.14,673188
22-May-06,2.15,2.21,2.08,2.13,883553
19-May-06,2.11,2.20,2.10,2.18,1213353
18-May-06,2.23,2.29,2.10,2.13,857231
17-May-06,2.33,2.34,2.20,2.23,1418274
16-May-06,2.21,2.47,2.16,2.36,3474321
15-May-06,2.22,2.25,2.08,2.13,1291242
12-May-06,2.29,2.34,2.20,2.22,1528175
11-May-06,2.45,2.49,2.25,2.31,1896931
10-May-06,2.52,2.54,2.44,2.44,770954
9-May-06,2.53,2.56,2.49,2.51,757254
8-May-06,2.54,2.56,2.50,2.52,603015
5-May-06,2.51,2.52,2.48,2.52,511667
4-May-06,2.55,2.55,2.47,2.48,756919
3-May-06,2.47,2.50,2.40,2.47,1480156
2-May-06,2.54,2.57,2.45,2.49,1256349
1-May-06,2.60,2.61,2.49,2.55,1188985
28-Apr-06,2.70,2.73,2.56,2.58,2067742
27-Apr-06,2.72,2.74,2.68,2.73,797675
26-Apr-06,2.68,2.74,2.67,2.72,951487
25-Apr-06,2.74,2.78,2.67,2.68,870162
24-Apr-06,2.80,2.80,2.71,2.73,1086489
21-Apr-06,2.79,2.79,2.68,2.70,948072
20-Apr-06,2.80,2.80,2.75,2.76,634772
19-Apr-06,2.82,2.84,2.76,2.78,826695
18-Apr-06,2.80,2.85,2.73,2.83,1244639
17-Apr-06,2.80,2.85,2.74,2.78,1065715
13-Apr-06,2.74,2.89,2.72,2.80,1570040
12-Apr-06,2.78,2.82,2.71,2.75,1501594
11-Apr-06,3.01,3.01,2.69,2.72,3604736
10-Apr-06,3.01,3.05,2.95,2.97,1203933
7-Apr-06,3.06,3.10,2.95,3.02,2069308
6-Apr-06,3.00,3.07,3.00,3.01,1423900
5-Apr-06,3.07,3.11,2.98,3.01,2619173
4-Apr-06,3.13,3.14,3.06,3.07,2948046
3-Apr-06,3.58,3.60,3.08,3.12,8621823
31-Mar-06,3.58,3.62,3.55,3.58,682725
30-Mar-06,3.62,3.62,3.56,3.58,646337
29-Mar-06,3.56,3.63,3.55,3.61,938103
28-Mar-06,3.60,3.60,3.55,3.57,613336
27-Mar-06,3.61,3.65,3.58,3.60,1136217
24-Mar-06,3.68,3.71,3.59,3.63,1124400
23-Mar-06,3.60,3.76,3.57,3.71,2220409
22-Mar-06,3.57,3.63,3.56,3.62,440556
21-Mar-06,3.62,3.68,3.57,3.58,686469
20-Mar-06,3.61,3.67,3.58,3.62,594672
17-Mar-06,3.70,3.70,3.61,3.62,952709
16-Mar-06,3.72,3.77,3.65,3.69,866522
15-Mar-06,3.63,3.70,3.62,3.69,587472
14-Mar-06,3.57,3.64,3.57,3.62,470660
13-Mar-06,3.66,3.74,3.56,3.58,847333
10-Mar-06,3.63,3.68,3.60,3.63,1065995
9-Mar-06,3.70,3.70,3.55,3.57,886074
8-Mar-06,3.51,3.60,3.50,3.55,622277
7-Mar-06,3.55,3.60,3.50,3.51,806743
6-Mar-06,3.58,3.64,3.55,3.55,702007
3-Mar-06,3.64,3.65,3.56,3.57,718340
2-Mar-06,3.63,3.66,3.58,3.60,851510
1-Mar-06,3.62,3.69,3.62,3.64,527380
28-Feb-06,3.75,3.75,3.61,3.63,1169546
27-Feb-06,3.82,3.90,3.72,3.75,2234405
24-Feb-06,3.55,3.87,3.55,3.86,3904667
23-Feb-06,3.56,3.60,3.55,3.56,415949
22-Feb-06,3.54,3.62,3.54,3.58,557225
21-Feb-06,3.63,3.64,3.55,3.56,829386
17-Feb-06,3.70,3.70,3.62,3.62,534813
16-Feb-06,3.68,3.74,3.63,3.66,643471
15-Feb-06,3.70,3.73,3.64,3.69,458017
14-Feb-06,3.62,3.72,3.61,3.66,877832
13-Feb-06,3.68,3.72,3.61,3.62,1244675
10-Feb-06,3.70,3.92,3.58,3.80,2319219
9-Feb-06,3.64,3.69,3.59,3.61,558216
8-Feb-06,3.69,3.74,3.59,3.66,839719
7-Feb-06,3.80,3.84,3.70,3.70,684981
6-Feb-06,3.77,3.95,3.70,3.79,1314493
3-Feb-06,3.84,3.84,3.69,3.70,811183
2-Feb-06,3.98,4.06,3.80,3.81,1818393
1-Feb-06,3.63,4.07,3.55,4.02,2508329
31-Jan-06,3.70,3.70,3.60,3.64,551555
30-Jan-06,3.69,3.72,3.61,3.62,666419
27-Jan-06,3.61,3.71,3.61,3.71,781916
26-Jan-06,3.60,3.65,3.59,3.64,702223
25-Jan-06,3.66,3.70,3.58,3.60,549146
24-Jan-06,3.67,3.70,3.56,3.65,802944
23-Jan-06,3.80,3.89,3.66,3.68,774694
20-Jan-06,3.91,3.92,3.80,3.80,901839
19-Jan-06,3.86,3.95,3.81,3.88,607690
18-Jan-06,3.80,3.96,3.80,3.86,560792
17-Jan-06,3.87,3.98,3.77,3.82,777632
13-Jan-06,3.78,3.99,3.74,3.91,1244999
12-Jan-06,3.85,3.89,3.76,3.81,866500
11-Jan-06,4.05,4.05,3.84,3.89,1449161
10-Jan-06,3.84,4.05,3.74,3.99,2648188
9-Jan-06,3.76,3.80,3.65,3.70,1112124
6-Jan-06,3.50,3.76,3.47,3.76,1682024
5-Jan-06,3.50,3.52,3.46,3.48,542919
4-Jan-06,3.49,3.53,3.45,3.50,627308
3-Jan-06,3.50,3.63,3.45,3.49,857688
30-Dec-05,3.53,3.54,3.43,3.45,1557592
29-Dec-05,3.57,3.59,3.51,3.53,915094
28-Dec-05,3.64,3.71,3.53,3.54,1149532
27-Dec-05,3.77,3.84,3.68,3.69,995874
23-Dec-05,3.66,3.85,3.66,3.80,1021592
22-Dec-05,3.82,3.89,3.71,3.80,1016381
21-Dec-05,3.85,4.15,3.80,3.84,3740587
20-Dec-05,3.47,4.00,3.40,3.91,6507484
19-Dec-05,3.71,3.80,3.40,3.43,2862070
16-Dec-05,3.81,3.89,3.71,3.72,2332434
15-Dec-05,4.02,4.04,3.87,3.92,1013506
14-Dec-05,4.06,4.06,4.00,4.03,633447
13-Dec-05,4.10,4.10,4.03,4.03,812680
12-Dec-05,4.15,4.16,4.05,4.07,839510
9-Dec-05,4.04,4.20,4.01,4.16,1604142
8-Dec-05,4.02,4.09,4.00,4.06,905431
7-Dec-05,4.06,4.10,4.00,4.01,886097
6-Dec-05,4.05,4.11,4.03,4.04,633935
5-Dec-05,4.12,4.12,4.02,4.05,782012
2-Dec-05,4.30,4.30,4.10,4.14,913147
1-Dec-05,4.25,4.28,4.15,4.25,862687
30-Nov-05,4.09,4.25,4.06,4.20,1008881
29-Nov-05,4.28,4.28,4.01,4.08,1544344
28-Nov-05,4.33,4.41,4.22,4.23,1172017
25-Nov-05,4.42,4.43,4.35,4.35,396317
23-Nov-05,4.47,4.49,4.41,4.43,646222
22-Nov-05,4.47,4.57,4.46,4.49,615081
21-Nov-05,4.56,4.60,4.46,4.50,1079949
18-Nov-05,4.48,4.60,4.38,4.57,1897692
17-Nov-05,4.40,4.45,4.32,4.44,882718
16-Nov-05,4.47,4.49,4.32,4.32,913663
15-Nov-05,4.52,4.55,4.44,4.45,1014710
14-Nov-05,4.54,4.60,4.43,4.48,759468
11-Nov-05,4.46,4.48,4.36,4.45,705461
10-Nov-05,4.55,4.55,4.31,4.46,1741992
9-Nov-05,4.58,4.58,4.49,4.52,653870
8-Nov-05,4.60,4.63,4.55,4.57,569861
7-Nov-05,4.72,4.73,4.60,4.63,859917
4-Nov-05,4.54,4.72,4.52,4.70,1172583
3-Nov-05,4.58,4.60,4.51,4.54,970884
2-Nov-05,4.53,4.63,4.50,4.57,916258
1-Nov-05,4.55,4.62,4.45,4.48,1184853
31-Oct-05,4.58,4.67,4.50,4.57,1181606
28-Oct-05,4.64,4.67,4.51,4.57,1259238
27-Oct-05,4.71,4.85,4.55,4.56,1311573
26-Oct-05,4.75,4.88,4.70,4.76,1123799
25-Oct-05,4.85,4.85,4.67,4.75,1329506
24-Oct-05,4.98,4.98,4.83,4.87,1060556
21-Oct-05,5.09,5.10,4.89,4.96,1556042
20-Oct-05,5.27,5.33,4.90,4.96,6065700
19-Oct-05,4.75,4.87,4.65,4.85,1151963
18-Oct-05,5.03,5.03,4.67,4.76,992527
17-Oct-05,5.14,5.14,4.81,4.92,1900289
14-Oct-05,4.59,4.90,4.55,4.89,1863981
13-Oct-05,4.65,4.65,4.36,4.48,1974593
12-Oct-05,5.01,5.05,4.52,4.59,3095037
11-Oct-05,5.11,5.15,5.00,5.00,1121878
10-Oct-05,5.16,5.17,5.03,5.07,778983
7-Oct-05,5.12,5.23,5.00,5.04,1026758
6-Oct-05,5.19,5.25,5.00,5.07,2127824
5-Oct-05,5.24,5.35,5.18,5.18,1714888
4-Oct-05,5.23,5.40,5.21,5.32,2445879
3-Oct-05,5.50,5.54,5.41,5.51,1212396
30-Sep-05,5.29,5.58,5.20,5.52,4174614
29-Sep-05,5.26,5.29,5.18,5.20,1400896
28-Sep-05,5.33,5.38,5.25,5.29,1395498
27-Sep-05,5.28,5.35,5.21,5.34,1852030
26-Sep-05,5.34,5.42,5.18,5.25,2598107
23-Sep-05,5.22,5.35,5.16,5.21,1754478
22-Sep-05,5.26,5.35,5.08,5.19,3129413
21-Sep-05,5.41,5.53,5.18,5.26,5100517
20-Sep-05,5.92,6.24,5.51,5.53,27245346
19-Sep-05,5.04,5.08,4.90,4.93,2885656
16-Sep-05,5.08,5.15,4.79,4.90,2266553
15-Sep-05,5.10,5.19,5.01,5.04,1160657
14-Sep-05,5.29,5.31,5.06,5.07,1738848
13-Sep-05,5.46,5.46,5.23,5.28,1233075
12-Sep-05,5.45,5.60,5.35,5.44,924120
9-Sep-05,5.30,5.35,5.23,5.35,1090649
8-Sep-05,5.33,5.36,5.23,5.24,1228171
7-Sep-05,5.49,5.50,5.36,5.40,1110323
6-Sep-05,5.59,5.59,5.41,5.43,1328308
2-Sep-05,5.54,5.56,5.35,5.45,1286708
1-Sep-05,5.52,5.73,5.52,5.53,3215122
31-Aug-05,5.45,5.48,5.32,5.45,2450217
30-Aug-05,5.26,5.34,5.16,5.19,1203474
29-Aug-05,5.02,5.40,5.00,5.37,1650482
26-Aug-05,5.20,5.24,5.05,5.06,1220190
25-Aug-05,5.30,5.35,5.20,5.20,737208
24-Aug-05,5.47,5.49,5.30,5.31,1538787
23-Aug-05,5.42,5.47,5.35,5.46,2042205
22-Aug-05,5.30,5.31,5.21,5.30,1498675
19-Aug-05,5.25,5.34,5.13,5.19,2584671
18-Aug-05,5.17,5.19,4.97,4.99,2678138
17-Aug-05,5.36,5.39,5.16,5.17,2205333
16-Aug-05,5.47,5.50,5.36,5.36,930017
15-Aug-05,5.38,5.46,5.31,5.40,1066038
12-Aug-05,5.45,5.52,5.33,5.40,1369631
11-Aug-05,5.46,5.53,5.42,5.53,921256
10-Aug-05,5.50,5.60,5.40,5.44,1766649
9-Aug-05,5.34,5.55,5.34,5.40,1587208
8-Aug-05,5.65,5.73,5.35,5.40,2512298
5-Aug-05,5.69,5.90,5.52,5.63,3604674
4-Aug-05,5.89,5.92,5.70,5.70,2087531
3-Aug-05,5.60,5.98,5.59,5.94,2670162
2-Aug-05,5.77,5.86,5.66,5.70,3209349
1-Aug-05,6.26,6.26,5.82,5.91,6888230
29-Jul-05,5.84,6.58,5.80,6.10,34413945
28-Jul-05,5.31,5.32,5.15,5.23,1578753
27-Jul-05,5.31,5.31,5.17,5.27,2986589
26-Jul-05,5.10,5.11,5.02,5.06,1493884
25-Jul-05,5.11,5.19,4.98,5.02,2767311
22-Jul-05,5.33,5.35,5.15,5.25,1802642
21-Jul-05,5.10,5.38,5.03,5.36,3375025
20-Jul-05,5.42,5.58,4.97,5.15,6378025
19-Jul-05,5.95,6.00,5.36,5.42,6915254
18-Jul-05,5.89,6.19,5.83,5.90,4963893
15-Jul-05,6.16,6.24,5.68,5.88,9769848
14-Jul-05,5.68,6.03,5.52,5.82,10561491
13-Jul-05,5.18,5.37,5.18,5.37,4772753
12-Jul-05,5.01,5.19,5.01,5.16,5297785
11-Jul-05,4.75,4.94,4.70,4.90,2547373
8-Jul-05,4.73,4.74,4.65,4.71,1368274
7-Jul-05,4.51,4.73,4.46,4.65,1722152
6-Jul-05,4.75,4.94,4.65,4.70,6412873
5-Jul-05,4.38,4.63,4.30,4.50,2388060
1-Jul-05,4.22,4.40,4.20,4.38,1747754
30-Jun-05,4.28,4.34,4.19,4.21,1740594
29-Jun-05,4.21,4.60,4.18,4.28,5931208
28-Jun-05,4.06,4.14,4.05,4.12,839187
27-Jun-05,4.12,4.16,4.01,4.03,1078836
24-Jun-05,3.97,4.16,3.95,4.16,6892337
23-Jun-05,4.06,4.12,3.96,3.96,1393592
22-Jun-05,4.10,4.15,4.00,4.07,692268
21-Jun-05,4.26,4.27,4.06,4.10,1331365
20-Jun-05,4.18,4.35,4.12,4.21,3108323
17-Jun-05,4.14,4.20,3.96,4.11,1184825
16-Jun-05,4.22,4.23,4.08,4.15,1278404
15-Jun-05,4.10,4.33,3.95,4.23,3939146
14-Jun-05,3.96,4.19,3.93,4.19,3106225
13-Jun-05,3.75,3.89,3.72,3.87,863340
10-Jun-05,3.84,3.85,3.71,3.74,1084959
9-Jun-05,3.86,3.92,3.85,3.85,613678
8-Jun-05,3.94,3.96,3.86,3.88,636395
7-Jun-05,3.99,4.03,3.85,3.87,1379218
6-Jun-05,4.05,4.14,3.95,3.96,1137846
3-Jun-05,4.08,4.08,4.00,4.01,1260516
2-Jun-05,4.14,4.17,4.01,4.04,1094821
1-Jun-05,4.14,4.34,4.06,4.16,3718041
31-May-05,3.98,4.28,3.88,4.15,6079961
27-May-05,3.95,3.95,3.84,3.85,1012381
26-May-05,4.05,4.08,3.76,3.88,2453271
25-May-05,4.11,4.19,3.94,3.97,3962817
24-May-05,3.97,4.04,3.70,3.87,2752386
23-May-05,4.18,4.21,3.95,4.05,3683593
20-May-05,3.86,4.24,3.80,4.00,11972681
19-May-05,3.25,3.69,3.22,3.58,4091445
18-May-05,3.24,3.25,3.16,3.17,935546
17-May-05,3.35,3.39,3.18,3.21,2986824
16-May-05,3.03,3.10,3.01,3.07,578829
13-May-05,3.04,3.06,2.99,3.03,580001
12-May-05,2.95,3.05,2.90,3.04,1100312
11-May-05,3.12,3.12,2.92,2.96,1089793
10-May-05,3.10,3.13,3.00,3.06,828761
9-May-05,3.21,3.24,3.10,3.13,725980
6-May-05,3.23,3.31,3.08,3.19,2088579
5-May-05,2.83,3.15,2.81,3.14,2781176
4-May-05,2.75,2.82,2.72,2.80,1008425
3-May-05,2.62,2.76,2.61,2.70,1337545
2-May-05,2.66,2.76,2.59,2.63,2015174
29-Apr-05,2.91,2.99,2.71,2.80,1697334
28-Apr-05,3.07,3.11,2.88,2.91,1794814
27-Apr-05,3.11,3.15,3.03,3.11,1044699
26-Apr-05,3.05,3.25,3.04,3.13,2069593
25-Apr-05,3.24,3.27,3.06,3.08,1374533
22-Apr-05,3.30,3.30,3.20,3.21,768036
21-Apr-05,3.26,3.31,3.20,3.29,1001366
20-Apr-05,3.35,3.45,3.21,3.26,1140477
19-Apr-05,3.29,3.35,3.26,3.29,894656
18-Apr-05,3.38,3.48,3.22,3.24,1022858
15-Apr-05,3.41,3.57,3.32,3.37,1385984
14-Apr-05,3.43,3.60,3.36,3.43,2283754
13-Apr-05,3.65,3.65,3.30,3.33,3141780
12-Apr-05,3.29,3.70,3.25,3.65,8021408
11-Apr-05,3.17,3.24,3.16,3.16,1025858
8-Apr-05,3.28,3.28,3.14,3.15,927109
7-Apr-05,3.28,3.28,3.18,3.23,1379657
6-Apr-05,3.04,3.24,3.03,3.15,1795069
5-Apr-05,3.08,3.18,3.05,3.08,1124459
4-Apr-05,3.15,3.18,3.05,3.09,875987
1-Apr-05,3.20,3.28,3.11,3.15,2203842
31-Mar-05,3.33,3.36,3.10,3.15,3395659
30-Mar-05,3.10,3.52,3.00,3.26,5928214
29-Mar-05,3.27,3.35,3.08,3.12,2420331
28-Mar-05,3.65,3.66,3.27,3.34,3011432
24-Mar-05,3.51,3.67,3.32,3.50,4292233
23-Mar-05,3.86,3.95,3.52,3.55,4086604
22-Mar-05,4.09,4.14,3.84,3.89,3564882
21-Mar-05,3.90,4.01,3.75,3.80,2589634
18-Mar-05,4.30,4.36,3.80,4.01,4891824
17-Mar-05,4.34,4.41,4.27,4.32,1016618
16-Mar-05,4.31,4.53,4.27,4.38,1940276
15-Mar-05,4.38,4.42,4.30,4.31,1573985
14-Mar-05,4.38,4.44,4.25,4.32,1355580
11-Mar-05,4.41,4.42,4.30,4.38,1403443
10-Mar-05,4.34,4.37,4.24,4.28,1179395
9-Mar-05,4.43,4.52,4.29,4.35,1805104
8-Mar-05,4.58,4.61,4.38,4.43,1702776
7-Mar-05,4.50,4.65,4.43,4.50,1958395
4-Mar-05,4.60,4.70,4.45,4.46,2686027
3-Mar-05,4.84,4.90,4.49,4.53,5061186
2-Mar-05,4.45,5.05,4.35,4.98,12025649
1-Mar-05,4.24,4.46,4.23,4.33,1685535
28-Feb-05,4.35,4.40,4.18,4.29,2163543
25-Feb-05,4.67,4.67,4.31,4.38,3028331
24-Feb-05,4.53,4.67,4.50,4.67,1451883
23-Feb-05,4.69,4.70,4.52,4.52,1419722
22-Feb-05,4.62,4.70,4.50,4.52,1988660
18-Feb-05,4.91,4.91,4.70,4.70,2061715
17-Feb-05,4.84,5.08,4.75,4.89,7805198
16-Feb-05,4.43,4.88,4.40,4.60,4783544
15-Feb-05,4.60,4.62,4.39,4.43,2712938
14-Feb-05,4.33,4.59,4.25,4.55,2781005
11-Feb-05,4.34,4.43,4.25,4.26,2696475
10-Feb-05,4.68,4.68,4.40,4.41,2101613
9-Feb-05,4.67,4.72,4.50,4.53,1979108
8-Feb-05,4.75,4.82,4.58,4.60,2729097
7-Feb-05,4.80,5.03,4.60,4.75,5415970
4-Feb-05,4.85,4.92,4.80,4.84,2597635
3-Feb-05,5.05,5.12,4.78,4.82,7874079
2-Feb-05,4.67,5.21,4.40,5.20,8202056
1-Feb-05,4.40,4.75,4.30,4.55,11115168
31-Jan-05,5.15,5.23,4.90,4.91,7961755
28-Jan-05,4.58,4.99,4.51,4.88,6284707
27-Jan-05,4.28,4.63,4.08,4.50,6224946
26-Jan-05,4.85,4.87,4.27,4.39,9964528
25-Jan-05,5.06,5.24,4.86,4.92,8176394
24-Jan-05,5.48,5.68,4.87,4.99,17035449
21-Jan-05,6.36,6.38,5.82,5.92,7648857
20-Jan-05,6.08,6.40,5.81,6.18,11166179
19-Jan-05,6.10,6.77,5.99,6.26,35720804
18-Jan-05,5.38,6.10,5.25,5.99,23733881
14-Jan-05,5.41,5.46,5.11,5.24,7113776
13-Jan-05,5.41,5.47,5.21,5.31,5582268
12-Jan-05,5.55,5.60,5.21,5.37,9111523
11-Jan-05,5.29,5.63,4.79,5.25,19885651
10-Jan-05,5.85,5.99,4.96,5.11,20966118
7-Jan-05,6.03,6.12,5.60,5.70,23924359
6-Jan-05,5.66,6.19,5.65,5.78,36920610
5-Jan-05,5.44,6.24,5.11,5.56,81209434
4-Jan-05,4.62,6.05,4.47,5.97,78678080
3-Jan-05,4.35,4.35,3.95,4.11,4824575
31-Dec-04,4.38,4.60,4.12,4.23,10449941
30-Dec-04,3.98,4.48,3.95,4.48,11128696
29-Dec-04,3.83,3.96,3.68,3.71,3996356
28-Dec-04,4.29,4.36,3.77,3.84,12341646
27-Dec-04,3.77,4.00,3.63,3.99,13546194
23-Dec-04,3.31,3.65,3.26,3.50,16775869
22-Dec-04,3.21,3.25,3.05,3.05,1205788
21-Dec-04,3.26,3.26,3.15,3.18,1635408
20-Dec-04,3.29,3.36,3.10,3.15,4224765
17-Dec-04,3.02,3.34,3.00,3.14,11189841
16-Dec-04,2.95,2.98,2.84,2.85,1321705
15-Dec-04,2.99,3.02,2.94,2.99,1239052
14-Dec-04,3.04,3.05,2.95,2.95,1063831
13-Dec-04,3.05,3.07,2.99,3.01,907236
10-Dec-04,2.90,3.04,2.88,2.97,1389383
9-Dec-04,2.83,2.98,2.75,2.91,1936126
8-Dec-04,3.01,3.04,2.80,2.80,2226179
7-Dec-04,3.10,3.12,2.91,2.96,2853738
6-Dec-04,3.15,3.20,3.05,3.11,2298481
3-Dec-04,3.10,3.20,3.01,3.14,2957751
2-Dec-04,3.08,3.20,3.00,3.08,4159530
1-Dec-04,3.13,3.14,2.85,2.98,5193861
30-Nov-04,3.31,3.53,3.01,3.05,15558473
29-Nov-04,2.72,3.25,2.63,3.23,12816956
26-Nov-04,2.73,2.75,2.61,2.63,1234455
24-Nov-04,2.73,2.77,2.55,2.66,3498907
23-Nov-04,2.96,2.98,2.71,2.74,9238297
22-Nov-04,2.55,2.82,2.41,2.82,3505514
19-Nov-04,2.68,2.71,2.51,2.56,4296793
18-Nov-04,2.41,2.60,2.41,2.59,4794340
17-Nov-04,2.32,2.55,2.31,2.40,6027942
16-Nov-04,2.46,2.47,2.35,2.36,5529709
15-Nov-04,2.82,2.86,2.49,2.50,7539328
12-Nov-04,2.83,2.88,2.80,2.82,2893098
11-Nov-04,3.08,3.11,2.77,2.81,7685893
10-Nov-04,3.11,3.22,3.05,3.08,4477736
9-Nov-04,3.28,3.33,3.09,3.11,7548616
8-Nov-04,3.14,3.39,3.11,3.39,9936863
5-Nov-04,3.02,3.14,2.98,3.07,10611942
4-Nov-04,3.14,3.23,2.78,2.90,26084524
3-Nov-04,3.26,3.63,3.05,3.14,38473050
2-Nov-04,4.71,4.73,3.66,4.11,60041316
1-Nov-04,4.10,4.37,4.02,4.28,35540946
29-Oct-04,3.79,3.97,3.63,3.71,24302635
28-Oct-04,3.54,3.70,3.35,3.49,12576712
27-Oct-04,3.26,3.73,3.21,3.29,16647768
26-Oct-04,3.43,3.66,3.05,3.17,32868567
25-Oct-04,2.94,4.87,2.86,4.09,57828598
22-Oct-04,2.93,2.93,2.65,2.70,3956553
21-Oct-04,2.89,3.03,2.76,2.84,12482187
20-Oct-04,2.17,2.74,2.16,2.54,18028993
19-Oct-04,2.03,2.10,1.97,2.10,2176139
18-Oct-04,1.85,1.99,1.83,1.92,850702
15-Oct-04,1.81,1.90,1.75,1.82,1072646
14-Oct-04,2.00,2.01,1.78,1.79,2427147
13-Oct-04,2.10,2.10,1.99,2.02,2101243
12-Oct-04,2.00,2.15,1.92,2.02,3067158
11-Oct-04,2.13,2.13,1.92,1.99,3475440
8-Oct-04,1.85,2.15,1.79,1.99,6271921
7-Oct-04,1.69,1.83,1.65,1.78,1281935
6-Oct-04,1.67,1.70,1.65,1.65,558346
5-Oct-04,1.73,1.74,1.62,1.70,1550989
4-Oct-04,1.58,1.77,1.57,1.71,4764117
1-Oct-04,1.56,1.58,1.53,1.56,447157
30-Sep-04,1.54,1.58,1.52,1.54,330559
29-Sep-04,1.52,1.57,1.50,1.54,420400
28-Sep-04,1.55,1.55,1.50,1.51,196153
27-Sep-04,1.50,1.56,1.49,1.55,167573
24-Sep-04,1.55,1.55,1.50,1.51,254223
23-Sep-04,1.52,1.55,1.50,1.50,221560
22-Sep-04,1.54,1.55,1.50,1.53,223327
21-Sep-04,1.52,1.58,1.52,1.54,607655
20-Sep-04,1.58,1.60,1.51,1.55,1129828
17-Sep-04,1.46,1.51,1.45,1.48,1245483
16-Sep-04,1.50,1.50,1.45,1.45,187903
15-Sep-04,1.47,1.50,1.47,1.48,300240
14-Sep-04,1.51,1.53,1.46,1.46,595717
13-Sep-04,1.55,1.55,1.51,1.51,291260
10-Sep-04,1.58,1.58,1.50,1.53,404264
9-Sep-04,1.55,1.58,1.54,1.54,193697
8-Sep-04,1.52,1.62,1.52,1.56,624571
7-Sep-04,1.60,1.60,1.54,1.55,314295
3-Sep-04,1.55,1.62,1.52,1.53,462046
2-Sep-04,1.50,1.56,1.50,1.53,266735
1-Sep-04,1.52,1.57,1.51,1.56,435781
31-Aug-04,1.53,1.56,1.47,1.51,404344
30-Aug-04,1.59,1.60,1.51,1.53,404442
27-Aug-04,1.60,1.60,1.55,1.58,271258
26-Aug-04,1.58,1.63,1.54,1.55,363056
25-Aug-04,1.63,1.67,1.58,1.59,837349
24-Aug-04,1.62,1.65,1.50,1.64,1305635
23-Aug-04,1.87,1.87,1.57,1.58,5291738
20-Aug-04,1.43,1.48,1.42,1.46,241963
19-Aug-04,1.46,1.47,1.42,1.42,208206
18-Aug-04,1.45,1.49,1.40,1.45,173644
17-Aug-04,1.45,1.46,1.40,1.40,440472
16-Aug-04,1.50,1.50,1.40,1.41,205397
13-Aug-04,1.55,1.57,1.41,1.44,624536
12-Aug-04,1.41,1.53,1.40,1.51,1264639
11-Aug-04,1.35,1.44,1.30,1.37,710213
10-Aug-04,1.30,1.31,1.24,1.24,324800
9-Aug-04,1.35,1.37,1.25,1.28,390585
6-Aug-04,1.35,1.39,1.30,1.33,515254
5-Aug-04,1.41,1.42,1.35,1.37,680855
4-Aug-04,1.45,1.45,1.40,1.40,329374
3-Aug-04,1.47,1.47,1.43,1.45,209079
2-Aug-04,1.47,1.48,1.41,1.43,592814
30-Jul-04,1.45,1.53,1.45,1.46,946407
29-Jul-04,1.55,1.56,1.42,1.44,3369602
28-Jul-04,1.71,1.72,1.54,1.56,1593117
27-Jul-04,1.72,1.83,1.66,1.79,3611734
26-Jul-04,1.64,1.65,1.56,1.61,646928
23-Jul-04,1.50,1.62,1.46,1.62,669077
22-Jul-04,1.48,1.53,1.46,1.46,234966
21-Jul-04,1.48,1.52,1.48,1.50,277636
20-Jul-04,1.50,1.52,1.46,1.47,314370
19-Jul-04,1.56,1.59,1.50,1.50,412254
16-Jul-04,1.61,1.62,1.55,1.57,288257
15-Jul-04,1.68,1.69,1.57,1.59,591299
14-Jul-04,1.57,1.71,1.55,1.65,1475541
13-Jul-04,1.57,1.59,1.52,1.52,625937
12-Jul-04,1.49,1.58,1.43,1.54,791019
9-Jul-04,1.50,1.50,1.43,1.43,226955
8-Jul-04,1.49,1.51,1.44,1.44,473294
7-Jul-04,1.55,1.55,1.50,1.51,358006
6-Jul-04,1.57,1.57,1.52,1.52,388187
2-Jul-04,1.56,1.57,1.50,1.53,493912
1-Jul-04,1.56,1.56,1.50,1.50,424493
30-Jun-04,1.56,1.58,1.52,1.53,359637
29-Jun-04,1.58,1.59,1.53,1.54,506671
28-Jun-04,1.63,1.63,1.57,1.58,659289
25-Jun-04,1.64,1.65,1.57,1.60,481527
24-Jun-04,1.60,1.63,1.55,1.56,695642
23-Jun-04,1.54,1.62,1.53,1.56,823550
22-Jun-04,1.58,1.58,1.52,1.52,757103
21-Jun-04,1.59,1.60,1.53,1.53,786834
18-Jun-04,1.60,1.61,1.55,1.58,1847204
17-Jun-04,1.66,1.68,1.56,1.58,4613752
16-Jun-04,1.99,1.99,1.86,1.89,538921
15-Jun-04,2.05,2.05,1.87,1.90,1050077
14-Jun-04,1.94,2.15,1.85,2.05,2116664
10-Jun-04,1.93,1.96,1.85,1.85,1189521
9-Jun-04,2.04,2.04,1.82,1.85,2529568
8-Jun-04,1.79,2.20,1.71,2.09,11375645
7-Jun-04,1.59,1.62,1.52,1.59,536764
4-Jun-04,1.43,1.60,1.43,1.52,544757
3-Jun-04,1.45,1.52,1.40,1.43,276257
2-Jun-04,1.46,1.48,1.41,1.45,236880
1-Jun-04,1.40,1.45,1.36,1.43,254416
28-May-04,1.38,1.38,1.34,1.36,157143
27-May-04,1.40,1.41,1.33,1.34,405025
26-May-04,1.33,1.41,1.33,1.40,178589
25-May-04,1.30,1.37,1.30,1.33,156096
24-May-04,1.40,1.42,1.33,1.33,219041
21-May-04,1.42,1.43,1.36,1.41,210310
20-May-04,1.45,1.45,1.38,1.40,136134
19-May-04,1.38,1.45,1.37,1.44,116764
18-May-04,1.53,1.53,1.40,1.41,200421
17-May-04,1.55,1.55,1.45,1.47,152177
14-May-04,1.54,1.59,1.51,1.54,98616
13-May-04,1.48,1.58,1.48,1.52,97372
12-May-04,1.54,1.57,1.49,1.53,184013
11-May-04,1.59,1.60,1.54,1.56,126741
10-May-04,1.65,1.69,1.51,1.57,356863
7-May-04,1.66,1.67,1.55,1.60,331222
6-May-04,1.47,1.78,1.42,1.68,1870970
5-May-04,1.55,1.55,1.40,1.45,504390
4-May-04,1.59,1.59,1.52,1.52,97807
3-May-04,1.50,1.58,1.50,1.53,149219
30-Apr-04,1.60,1.60,1.48,1.50,363583
29-Apr-04,1.63,1.65,1.45,1.50,734543
28-Apr-04,1.76,1.77,1.60,1.63,312116
27-Apr-04,1.87,1.88,1.74,1.76,488109
26-Apr-04,1.68,1.85,1.64,1.82,879217
23-Apr-04,1.64,1.68,1.60,1.65,93739
22-Apr-04,1.62,1.67,1.60,1.61,132060
21-Apr-04,1.68,1.68,1.58,1.58,131452
20-Apr-04,1.65,1.68,1.60,1.63,153945
19-Apr-04,1.66,1.73,1.60,1.65,129779
16-Apr-04,1.73,1.80,1.67,1.72,365159
15-Apr-04,1.53,1.77,1.51,1.72,419459
14-Apr-04,1.52,1.58,1.51,1.53,147807
13-Apr-04,1.55,1.59,1.51,1.53,229502
12-Apr-04,1.56,1.60,1.50,1.53,324787
8-Apr-04,1.62,1.63,1.56,1.56,220492
7-Apr-04,1.60,1.64,1.58,1.59,225364
6-Apr-04,1.69,1.70,1.60,1.62,301142
5-Apr-04,1.68,1.72,1.68,1.69,137695
2-Apr-04,1.70,1.72,1.65,1.69,168506
1-Apr-04,1.67,1.72,1.66,1.70,190252
31-Mar-04,1.76,1.76,1.66,1.68,178854
30-Mar-04,1.65,1.74,1.65,1.73,229400
29-Mar-04,1.65,1.69,1.60,1.65,236731
26-Mar-04,1.64,1.64,1.57,1.61,322900
25-Mar-04,1.57,1.67,1.56,1.62,605846
24-Mar-04,1.72,1.77,1.66,1.66,272664
23-Mar-04,1.76,1.79,1.72,1.75,118948
22-Mar-04,1.85,1.85,1.71,1.78,338928
19-Mar-04,1.82,1.87,1.80,1.87,239915
18-Mar-04,1.84,1.88,1.80,1.85,177185
17-Mar-04,1.81,1.87,1.80,1.81,192471
16-Mar-04,1.83,1.89,1.76,1.84,193485
15-Mar-04,1.91,1.91,1.80,1.83,140664
12-Mar-04,1.85,1.94,1.85,1.89,140817
11-Mar-04,1.82,1.94,1.75,1.92,603220
10-Mar-04,1.98,1.98,1.79,1.83,560895
9-Mar-04,1.97,2.00,1.92,1.96,186963
8-Mar-04,2.00,2.05,1.97,1.97,277995
5-Mar-04,1.97,2.02,1.97,2.00,327840
4-Mar-04,1.97,2.04,1.93,2.00,433077
3-Mar-04,1.95,1.97,1.91,1.96,261186
2-Mar-04,1.95,1.99,1.89,1.90,276354
1-Mar-04,1.99,1.99,1.94,1.95,230499
27-Feb-04,1.96,1.99,1.89,1.95,343540
26-Feb-04,1.93,1.97,1.86,1.96,455989
25-Feb-04,2.03,2.06,1.86,1.93,1468074
24-Feb-04,2.09,2.09,1.99,2.02,812987
23-Feb-04,2.10,2.14,2.07,2.08,323444
20-Feb-04,2.10,2.14,2.07,2.09,364335
19-Feb-04,2.15,2.19,2.10,2.10,361239
18-Feb-04,2.20,2.22,2.12,2.15,461092
17-Feb-04,2.20,2.25,2.12,2.18,469550
13-Feb-04,2.33,2.35,2.16,2.19,919347
12-Feb-04,2.15,2.35,2.11,2.34,2294516
11-Feb-04,2.10,2.15,2.07,2.10,306580
10-Feb-04,2.07,2.20,2.07,2.12,414239
9-Feb-04,2.04,2.12,1.99,2.06,257447
6-Feb-04,2.08,2.09,2.02,2.04,383630
5-Feb-04,2.12,2.12,2.03,2.06,443868
4-Feb-04,2.17,2.19,2.04,2.06,415499
3-Feb-04,2.20,2.20,2.10,2.18,307350
2-Feb-04,2.17,2.23,2.12,2.19,382326
30-Jan-04,2.18,2.23,2.14,2.15,334613
29-Jan-04,2.27,2.33,2.10,2.20,1031789
28-Jan-04,2.39,2.50,2.25,2.25,873314
27-Jan-04,2.42,2.44,2.34,2.36,537920
26-Jan-04,2.40,2.48,2.26,2.39,936926
23-Jan-04,2.58,2.66,2.34,2.34,917138
22-Jan-04,2.38,2.69,2.22,2.50,2820918
21-Jan-04,2.17,2.42,2.12,2.37,2377333
20-Jan-04,2.14,2.19,2.12,2.17,322413
16-Jan-04,2.18,2.18,2.11,2.16,377563
15-Jan-04,2.16,2.19,2.10,2.18,342527
14-Jan-04,2.10,2.18,2.05,2.15,555005
13-Jan-04,2.02,2.13,2.02,2.09,328407
12-Jan-04,2.11,2.17,2.00,2.08,623422
9-Jan-04,2.15,2.21,2.11,2.16,636881
8-Jan-04,2.19,2.23,2.10,2.21,645360
7-Jan-04,2.20,2.24,2.10,2.16,571425
6-Jan-04,2.24,2.24,2.15,2.19,567395
5-Jan-04,2.20,2.26,2.12,2.17,1490409
2-Jan-04,2.00,2.05,1.98,1.99,273151
31-Dec-03,2.00,2.06,1.98,1.98,285139
30-Dec-03,2.00,2.05,1.97,2.01,423857
29-Dec-03,2.00,2.04,1.98,2.00,285472
26-Dec-03,1.98,2.10,1.98,2.00,163263
24-Dec-03,2.04,2.08,1.98,2.05,191179
23-Dec-03,1.94,2.05,1.94,2.04,192609
22-Dec-03,1.92,2.06,1.91,2.04,255142
19-Dec-03,1.97,1.99,1.92,1.93,124853
18-Dec-03,1.98,1.98,1.92,1.97,120073
17-Dec-03,2.00,2.00,1.91,1.92,174667
16-Dec-03,1.97,2.00,1.90,1.98,234424
15-Dec-03,2.10,2.10,1.96,1.99,202592
12-Dec-03,2.00,2.04,1.98,2.01,166641
11-Dec-03,2.00,2.04,1.96,2.02,416976
10-Dec-03,2.13,2.13,1.94,2.00,717195
9-Dec-03,2.08,2.14,2.05,2.08,226349
8-Dec-03,2.25,2.25,2.01,2.10,353384
5-Dec-03,2.21,2.26,2.15,2.20,154372
4-Dec-03,2.20,2.29,2.18,2.26,343238
3-Dec-03,2.37,2.40,2.25,2.28,430483
2-Dec-03,2.22,2.45,2.22,2.40,1104702
1-Dec-03,2.10,2.28,2.10,2.28,530337
28-Nov-03,2.10,2.18,2.09,2.17,84695
26-Nov-03,2.21,2.21,2.07,2.15,251196
25-Nov-03,2.15,2.20,2.05,2.18,324878
24-Nov-03,2.00,2.15,1.96,2.14,429585
21-Nov-03,2.05,2.15,1.96,2.00,513232
20-Nov-03,2.15,2.20,2.07,2.12,379185
19-Nov-03,2.28,2.31,2.16,2.19,404168
18-Nov-03,2.21,2.35,2.20,2.23,952094
17-Nov-03,2.25,2.26,2.13,2.25,512635
14-Nov-03,2.25,2.31,2.18,2.27,545043
13-Nov-03,2.25,2.33,2.21,2.30,642340
12-Nov-03,2.34,2.39,2.18,2.23,1086136
11-Nov-03,2.32,2.48,2.25,2.35,1369519
10-Nov-03,2.50,2.50,2.26,2.32,2229117
7-Nov-03,2.80,3.12,2.35,2.41,15471561
6-Nov-03,1.78,1.80,1.72,1.77,178778
5-Nov-03,1.80,1.82,1.75,1.78,152784
4-Nov-03,1.75,1.80,1.73,1.78,190343
3-Nov-03,1.89,1.89,1.80,1.83,328302
31-Oct-03,1.83,1.83,1.70,1.74,207700
30-Oct-03,1.85,1.88,1.80,1.80,193676
29-Oct-03,1.83,1.88,1.79,1.85,128120
28-Oct-03,1.85,1.87,1.82,1.85,158150
27-Oct-03,1.80,1.85,1.79,1.80,201895
24-Oct-03,1.80,1.82,1.71,1.75,322024
23-Oct-03,1.88,1.93,1.80,1.84,605498
22-Oct-03,2.09,2.10,1.88,1.96,437542
21-Oct-03,2.03,2.10,2.00,2.07,192573
20-Oct-03,2.06,2.11,2.06,2.07,83862
17-Oct-03,2.18,2.19,2.07,2.11,245155
16-Oct-03,2.16,2.25,2.04,2.16,420006
15-Oct-03,2.15,2.20,2.03,2.12,450427
14-Oct-03,2.01,2.15,1.96,2.09,722731
13-Oct-03,2.05,2.06,1.96,1.99,252169
10-Oct-03,2.04,2.08,1.95,2.01,257222
9-Oct-03,2.10,2.12,2.03,2.08,479175
8-Oct-03,2.06,2.11,2.00,2.08,454679
7-Oct-03,1.91,2.05,1.86,2.04,384105
6-Oct-03,1.88,1.95,1.86,1.90,128850
3-Oct-03,1.93,2.03,1.86,1.89,298108
2-Oct-03,1.95,1.97,1.86,1.86,227600
1-Oct-03,1.76,1.98,1.75,1.94,475500
30-Sep-03,1.84,1.84,1.76,1.78,202871
29-Sep-03,1.88,1.94,1.78,1.83,447578
26-Sep-03,1.99,1.99,1.85,1.88,682022
25-Sep-03,2.16,2.16,1.91,1.99,919026
24-Sep-03,2.33,2.33,2.05,2.08,1263176
23-Sep-03,2.44,2.60,2.16,2.29,4558022
22-Sep-03,1.90,2.20,1.81,2.16,1582356
19-Sep-03,1.95,1.95,1.90,1.93,189930
18-Sep-03,1.94,1.97,1.86,1.94,393699
17-Sep-03,1.95,1.98,1.85,1.91,428260
16-Sep-03,1.84,1.91,1.76,1.87,480662
15-Sep-03,1.93,2.05,1.90,1.91,1871739
12-Sep-03,1.60,1.90,1.59,1.86,1142745
11-Sep-03,1.60,1.61,1.55,1.59,152433
10-Sep-03,1.65,1.65,1.60,1.61,181370
9-Sep-03,1.69,1.70,1.61,1.65,317478
8-Sep-03,1.65,1.74,1.65,1.69,1047466
5-Sep-03,1.53,1.59,1.50,1.58,260090
4-Sep-03,1.50,1.58,1.44,1.55,187000
3-Sep-03,1.51,1.54,1.48,1.50,144187
2-Sep-03,1.52,1.60,1.45,1.51,315533
29-Aug-03,1.45,1.45,1.41,1.42,154000
28-Aug-03,1.52,1.52,1.40,1.45,165250
27-Aug-03,1.51,1.55,1.45,1.48,137851
26-Aug-03,1.50,1.55,1.46,1.53,91446
25-Aug-03,1.50,1.53,1.45,1.47,78931
22-Aug-03,1.65,1.65,1.50,1.52,172200
21-Aug-03,1.46,1.66,1.46,1.60,532642
20-Aug-03,1.36,1.44,1.35,1.44,172060
19-Aug-03,1.35,1.41,1.27,1.38,101600
18-Aug-03,1.37,1.41,1.36,1.39,97450
15-Aug-03,1.38,1.42,1.36,1.41,49950
14-Aug-03,1.41,1.41,1.36,1.40,78630
13-Aug-03,1.41,1.42,1.32,1.40,258256
12-Aug-03,1.38,1.41,1.31,1.34,119619
11-Aug-03,1.25,1.39,1.23,1.35,294928
8-Aug-03,1.26,1.26,1.16,1.25,375263
7-Aug-03,1.36,1.42,1.23,1.27,454888
6-Aug-03,1.51,1.55,1.33,1.38,594836
5-Aug-03,1.62,1.63,1.52,1.57,238056
4-Aug-03,1.64,1.65,1.61,1.61,134110
1-Aug-03,1.63,1.70,1.62,1.63,156100
31-Jul-03,1.72,1.72,1.65,1.66,110200
30-Jul-03,1.70,1.74,1.62,1.70,211521
29-Jul-03,1.73,1.74,1.65,1.71,363059
28-Jul-03,1.60,1.67,1.60,1.64,147445
25-Jul-03,1.65,1.65,1.58,1.63,190715
24-Jul-03,1.70,1.70,1.60,1.62,179000
23-Jul-03,1.71,1.71,1.60,1.66,233954
22-Jul-03,1.60,1.65,1.56,1.65,196325
21-Jul-03,1.63,1.67,1.60,1.62,103850
18-Jul-03,1.67,1.67,1.60,1.65,226420
17-Jul-03,1.64,1.65,1.60,1.63,280246
16-Jul-03,1.74,1.84,1.60,1.68,703519
15-Jul-03,1.80,1.84,1.75,1.78,198050
14-Jul-03,1.85,1.89,1.79,1.82,330300
11-Jul-03,1.91,1.92,1.80,1.83,287680
10-Jul-03,2.00,2.01,1.85,1.87,602605
9-Jul-03,1.95,1.98,1.88,1.92,666356
8-Jul-03,1.70,1.88,1.65,1.83,859615
7-Jul-03,1.75,1.76,1.67,1.68,366343
3-Jul-03,1.67,1.72,1.65,1.69,153670
2-Jul-03,1.62,1.70,1.60,1.67,264447
1-Jul-03,1.68,1.68,1.60,1.63,247175
30-Jun-03,1.64,1.75,1.63,1.66,296746
27-Jun-03,1.61,1.65,1.58,1.60,364030
26-Jun-03,1.66,1.73,1.56,1.62,637681
25-Jun-03,1.77,1.83,1.67,1.70,320071
24-Jun-03,1.78,1.85,1.70,1.76,352325
23-Jun-03,1.79,1.85,1.75,1.78,605425
20-Jun-03,1.90,1.98,1.78,1.82,556658
19-Jun-03,2.00,2.04,1.85,1.90,655402
18-Jun-03,2.06,2.12,1.94,1.97,696148
17-Jun-03,1.96,2.18,1.75,1.96,2274188
16-Jun-03,2.32,2.37,1.75,1.96,2251730
13-Jun-03,2.50,2.50,2.21,2.27,1234606
12-Jun-03,2.64,2.65,2.35,2.50,1794892
11-Jun-03,2.46,2.50,2.25,2.48,2386128
10-Jun-03,2.35,2.85,2.25,2.25,6269718
9-Jun-03,1.97,2.18,1.76,2.16,1766662
6-Jun-03,2.14,2.20,1.85,1.90,1579462
5-Jun-03,1.74,2.00,1.66,1.95,1509928
4-Jun-03,1.70,1.75,1.67,1.70,297952
3-Jun-03,1.67,1.74,1.65,1.72,259585
2-Jun-03,1.74,1.80,1.66,1.70,680374
30-May-03,1.66,1.72,1.60,1.72,441397
29-May-03,1.74,1.74,1.49,1.60,479456
28-May-03,1.85,1.85,1.65,1.70,703381
27-May-03,1.57,1.72,1.52,1.67,854431
23-May-03,1.53,1.56,1.50,1.54,455410
22-May-03,1.55,1.56,1.50,1.52,284823
21-May-03,1.54,1.56,1.52,1.53,244607
20-May-03,1.56,1.58,1.52,1.53,589215
19-May-03,1.58,1.59,1.52,1.52,410720
16-May-03,1.56,1.59,1.51,1.56,578343
15-May-03,1.55,1.55,1.50,1.52,540465
14-May-03,1.62,1.63,1.53,1.55,732927
13-May-03,1.60,1.75,1.59,1.62,2180067
12-May-03,1.56,1.58,1.47,1.52,715545
9-May-03,1.61,1.64,1.48,1.54,1049985
8-May-03,1.37,1.58,1.32,1.53,1695059
7-May-03,1.48,1.49,1.33,1.43,2138868
6-May-03,1.82,1.83,1.52,1.57,3533502
5-May-03,1.98,2.00,1.74,1.82,7118530
2-May-03,2.05,2.25,1.61,1.68,20935813
1-May-03,0.76,0.77,0.72,0.74,235300
30-Apr-03,0.75,0.76,0.74,0.76,175894
29-Apr-03,0.80,0.80,0.73,0.75,345145
28-Apr-03,0.82,0.82,0.77,0.80,259321
25-Apr-03,0.78,0.82,0.75,0.77,509787
24-Apr-03,0.74,0.79,0.68,0.75,612343
23-Apr-03,0.73,0.78,0.72,0.73,298722
22-Apr-03,0.76,0.78,0.72,0.74,479232
21-Apr-03,0.76,0.77,0.76,0.77,176192
17-Apr-03,0.79,0.80,0.77,0.77,101376
16-Apr-03,0.80,0.82,0.76,0.78,185780
15-Apr-03,0.79,0.82,0.78,0.81,152878
14-Apr-03,0.80,0.84,0.77,0.78,182901
11-Apr-03,0.85,0.88,0.78,0.80,681544
10-Apr-03,0.75,0.78,0.74,0.78,180000
9-Apr-03,0.79,0.79,0.75,0.75,299160
8-Apr-03,0.81,0.83,0.72,0.77,389071
7-Apr-03,1.00,1.04,0.79,0.81,1988656
4-Apr-03,0.98,1.29,0.85,0.89,6044654
3-Apr-03,0.78,0.78,0.65,0.66,428782
2-Apr-03,0.73,0.76,0.69,0.71,624597
1-Apr-03,0.90,0.92,0.68,0.70,745164
31-Mar-03,0.94,0.99,0.90,0.95,70700
28-Mar-03,0.93,0.97,0.92,0.95,31215
27-Mar-03,0.98,0.99,0.95,0.96,25600
26-Mar-03,0.92,1.00,0.92,0.96,37403
25-Mar-03,0.90,0.96,0.90,0.93,29400
24-Mar-03,0.93,0.98,0.90,0.95,30200
21-Mar-03,0.94,0.98,0.93,0.95,58100
20-Mar-03,0.98,0.98,0.91,0.93,51175
19-Mar-03,1.04,1.08,0.92,0.98,96200
18-Mar-03,0.96,1.20,0.89,0.98,422350
17-Mar-03,0.92,1.00,0.88,0.93,61606
14-Mar-03,0.95,0.98,0.91,0.98,29940
13-Mar-03,0.92,1.00,0.92,0.97,18200
12-Mar-03,0.96,0.96,0.90,0.95,34900
11-Mar-03,0.97,1.03,0.90,0.94,63640
10-Mar-03,1.09,1.10,0.98,1.01,76000
7-Mar-03,1.10,1.14,1.10,1.10,72480
6-Mar-03,1.11,1.15,1.11,1.14,42720
5-Mar-03,1.09,1.14,1.03,1.13,69255
4-Mar-03,1.09,1.12,1.01,1.11,34430
3-Mar-03,1.04,1.12,1.03,1.11,114130
28-Feb-03,1.08,1.13,1.03,1.08,41151
27-Feb-03,1.09,1.12,1.03,1.08,40350
26-Feb-03,1.07,1.14,1.07,1.11,16800
25-Feb-03,1.09,1.13,1.08,1.13,31877
24-Feb-03,1.09,1.12,1.05,1.10,37400
21-Feb-03,1.09,1.14,1.01,1.10,53106
20-Feb-03,1.11,1.14,1.07,1.13,68400
19-Feb-03,1.05,1.13,0.95,1.11,119000
18-Feb-03,0.92,1.04,0.92,1.03,86200
14-Feb-03,0.90,0.92,0.85,0.92,39100
13-Feb-03,0.89,0.90,0.85,0.90,52480
12-Feb-03,0.91,0.91,0.87,0.90,76499
11-Feb-03,0.91,0.95,0.88,0.91,91800
10-Feb-03,0.95,0.95,0.90,0.93,55600
7-Feb-03,0.94,0.94,0.89,0.93,60052
6-Feb-03,0.93,0.93,0.88,0.90,76900
5-Feb-03,0.98,0.98,0.92,0.94,88600
4-Feb-03,1.00,1.00,0.94,0.97,50015
3-Feb-03,1.00,1.00,0.96,0.96,45885
31-Jan-03,1.00,1.03,0.96,0.98,47800
30-Jan-03,1.01,1.03,0.93,1.01,68700
29-Jan-03,1.04,1.07,0.95,1.02,96300
28-Jan-03,1.01,1.05,0.92,1.05,212800
27-Jan-03,1.10,1.12,1.00,1.03,121360
24-Jan-03,1.10,1.14,1.06,1.11,93250
23-Jan-03,1.09,1.13,1.05,1.10,146516
22-Jan-03,1.12,1.14,1.06,1.11,88772
21-Jan-03,1.17,1.17,1.09,1.14,97095
17-Jan-03,1.17,1.18,1.10,1.15,108692
16-Jan-03,1.15,1.18,1.10,1.17,131436
15-Jan-03,1.14,1.16,1.07,1.15,244971
14-Jan-03,1.17,1.25,1.10,1.15,305395
13-Jan-03,1.25,1.27,1.12,1.18,323895
10-Jan-03,1.13,1.25,1.12,1.23,403338
9-Jan-03,1.32,1.36,1.11,1.22,996251
8-Jan-03,1.38,1.48,1.24,1.29,3158359
7-Jan-03,1.01,1.09,1.00,1.07,82900
6-Jan-03,1.05,1.05,1.00,1.03,45500
3-Jan-03,1.06,1.10,1.02,1.04,25503
2-Jan-03,1.09,1.09,1.00,1.09,93410
31-Dec-02,1.05,1.20,1.05,1.09,125800
30-Dec-02,1.21,1.25,1.10,1.14,117700
27-Dec-02,1.14,1.25,1.11,1.24,86000
26-Dec-02,1.17,1.27,1.16,1.23,101300
24-Dec-02,1.18,1.20,1.16,1.17,31600
23-Dec-02,1.11,1.21,1.09,1.18,89300
20-Dec-02,1.23,1.28,1.14,1.17,165800
19-Dec-02,1.18,1.22,1.07,1.18,50600
18-Dec-02,1.19,1.22,1.09,1.15,74600
17-Dec-02,1.22,1.23,1.02,1.17,117200
16-Dec-02,1.01,1.24,0.95,1.18,160600
13-Dec-02,0.88,1.12,0.87,1.10,157900
12-Dec-02,1.21,1.24,1.00,1.09,196100
11-Dec-02,1.17,1.30,1.11,1.21,468600
10-Dec-02,0.88,1.07,0.85,1.07,161300
9-Dec-02,0.83,0.95,0.72,0.84,222000
6-Dec-02,0.90,0.95,0.80,0.86,325400
5-Dec-02,1.20,1.28,0.90,1.02,300600
4-Dec-02,1.25,1.30,1.15,1.18,362900
3-Dec-02,1.10,1.25,0.98,1.13,625000
2-Dec-02,0.84,1.03,0.81,0.96,388500
29-Nov-02,0.81,0.82,0.75,0.80,240300
27-Nov-02,0.69,0.75,0.65,0.71,102300
26-Nov-02,0.71,0.76,0.64,0.69,100100
25-Nov-02,0.66,0.74,0.64,0.72,114800
22-Nov-02,0.67,0.69,0.61,0.68,34600
21-Nov-02,0.58,0.69,0.58,0.64,124000
20-Nov-02,0.58,0.62,0.57,0.59,61600
19-Nov-02,0.58,0.59,0.55,0.58,58800
18-Nov-02,0.57,0.61,0.55,0.58,74100
15-Nov-02,0.62,0.63,0.55,0.59,110200
14-Nov-02,0.67,0.72,0.62,0.63,65400
13-Nov-02,0.69,0.71,0.62,0.68,46700
12-Nov-02,0.66,0.75,0.62,0.69,88400
11-Nov-02,0.69,0.70,0.66,0.66,23300
8-Nov-02,0.73,0.75,0.67,0.74,74500
7-Nov-02,0.78,0.82,0.70,0.75,97400
6-Nov-02,0.61,0.78,0.61,0.78,511300
5-Nov-02,0.55,0.58,0.53,0.57,199600
4-Nov-02,0.55,0.60,0.53,0.56,138400
1-Nov-02,0.55,0.58,0.51,0.55,135800
31-Oct-02,0.53,0.58,0.50,0.55,118700
30-Oct-02,0.56,0.56,0.49,0.51,203300
29-Oct-02,0.54,0.58,0.53,0.56,60400
28-Oct-02,0.60,0.63,0.52,0.54,93500
25-Oct-02,0.57,0.62,0.53,0.60,121900
24-Oct-02,0.64,0.65,0.52,0.60,163400
23-Oct-02,0.66,0.66,0.56,0.62,61000
22-Oct-02,0.62,0.66,0.56,0.65,53200
21-Oct-02,0.62,0.65,0.55,0.63,59000
18-Oct-02,0.53,0.63,0.51,0.61,69900
17-Oct-02,0.60,0.63,0.50,0.51,154900
16-Oct-02,0.60,0.60,0.55,0.58,40600
15-Oct-02,0.56,0.63,0.54,0.54,108300
14-Oct-02,0.52,0.55,0.50,0.53,94600
11-Oct-02,0.60,0.60,0.50,0.51,43500
10-Oct-02,0.61,0.62,0.50,0.55,87500
9-Oct-02,0.56,0.64,0.52,0.55,39400
8-Oct-02,0.61,0.63,0.58,0.60,43700
7-Oct-02,0.61,0.69,0.60,0.61,34200
4-Oct-02,0.65,0.71,0.60,0.60,58100
3-Oct-02,0.67,0.70,0.62,0.63,29400
2-Oct-02,0.66,0.69,0.61,0.66,25600
1-Oct-02,0.79,0.79,0.61,0.70,39200
30-Sep-02,0.77,0.81,0.70,0.75,22100
27-Sep-02,0.76,0.82,0.72,0.77,29600
26-Sep-02,0.83,0.83,0.75,0.80,25300
25-Sep-02,0.78,0.84,0.74,0.83,46000
24-Sep-02,0.89,0.89,0.66,0.76,167500
23-Sep-02,0.78,0.89,0.75,0.85,139600
20-Sep-02,0.75,0.75,0.65,0.65,94100
19-Sep-02,0.75,0.79,0.69,0.70,77900
18-Sep-02,0.84,0.89,0.74,0.80,49100
17-Sep-02,0.84,0.86,0.72,0.80,93900
16-Sep-02,0.95,0.99,0.83,0.86,101200
13-Sep-02,1.07,1.08,0.95,0.99,163600
12-Sep-02,1.13,1.13,1.07,1.09,7300
11-Sep-02,1.15,1.15,1.07,1.08,19600
10-Sep-02,1.13,1.19,1.04,1.08,67300
9-Sep-02,1.18,1.19,1.10,1.14,19300
6-Sep-02,1.22,1.22,1.14,1.17,24100
5-Sep-02,1.20,1.21,1.13,1.15,14100
4-Sep-02,1.21,1.21,1.10,1.15,33800
3-Sep-02,1.22,1.22,1.11,1.14,51900
30-Aug-02,1.29,1.29,1.17,1.19,114400
29-Aug-02,1.35,1.35,1.20,1.28,28700
28-Aug-02,1.21,1.35,1.19,1.34,49200
27-Aug-02,1.26,1.26,1.15,1.24,77600
26-Aug-02,1.26,1.29,1.25,1.25,31200
23-Aug-02,1.33,1.35,1.25,1.26,53900
22-Aug-02,1.22,1.37,1.22,1.26,110200
21-Aug-02,1.27,1.32,1.22,1.24,30100
20-Aug-02,1.30,1.31,1.22,1.27,31700
19-Aug-02,1.27,1.27,1.22,1.26,34900
16-Aug-02,1.37,1.37,1.25,1.27,128800
15-Aug-02,1.40,1.40,1.35,1.36,20700
14-Aug-02,1.32,1.45,1.28,1.41,38400
13-Aug-02,1.31,1.35,1.27,1.31,33600
12-Aug-02,1.37,1.37,1.21,1.30,65300
9-Aug-02,1.40,1.45,1.25,1.38,73600
8-Aug-02,1.44,1.50,1.35,1.36,97900
7-Aug-02,1.50,1.51,1.40,1.44,112100
6-Aug-02,1.65,1.69,1.44,1.44,130400
5-Aug-02,1.91,1.98,1.61,1.65,55700
2-Aug-02,2.09,2.09,1.90,1.95,45300
1-Aug-02,2.02,2.09,1.85,2.07,70600
31-Jul-02,1.82,2.03,1.66,1.98,63100
30-Jul-02,1.70,1.80,1.61,1.75,58300
29-Jul-02,1.71,1.80,1.55,1.78,57800
26-Jul-02,1.75,1.85,1.70,1.82,47400
25-Jul-02,1.52,1.82,1.45,1.82,74900
24-Jul-02,1.50,1.57,1.38,1.57,84500
23-Jul-02,1.50,1.59,1.36,1.53,91500
22-Jul-02,1.36,1.51,1.30,1.46,55700
19-Jul-02,1.48,1.52,1.25,1.50,35000
18-Jul-02,1.38,1.48,1.38,1.44,72600
17-Jul-02,1.25,1.38,1.18,1.38,88000
16-Jul-02,1.30,1.33,1.20,1.29,47300
15-Jul-02,1.29,1.40,1.15,1.38,79400
12-Jul-02,1.30,1.37,1.16,1.24,100900
11-Jul-02,1.47,1.47,1.00,1.23,237100
10-Jul-02,1.47,1.50,1.40,1.48,47500
9-Jul-02,1.45,1.56,1.40,1.52,79700
8-Jul-02,1.55,1.58,1.46,1.53,81500
5-Jul-02,1.46,1.54,1.38,1.54,84700
3-Jul-02,1.46,1.55,1.41,1.48,78200
2-Jul-02,1.51,1.56,1.40,1.52,105200
1-Jul-02,1.60,1.60,1.41,1.59,86000
28-Jun-02,1.57,1.65,1.50,1.62,157200
27-Jun-02,1.41,1.56,1.41,1.51,69600
26-Jun-02,1.59,1.60,1.35,1.58,140700
25-Jun-02,1.63,1.70,1.51,1.63,197800
24-Jun-02,1.63,1.67,1.52,1.67,130700
21-Jun-02,1.65,1.70,1.61,1.68,37200
20-Jun-02,1.69,1.74,1.61,1.70,76900
19-Jun-02,1.68,1.71,1.60,1.68,38000
18-Jun-02,1.69,1.71,1.61,1.68,24700
17-Jun-02,1.72,1.72,1.62,1.70,51100
14-Jun-02,1.69,1.71,1.62,1.70,74600
13-Jun-02,1.62,1.71,1.62,1.70,66000
12-Jun-02,1.75,1.79,1.50,1.71,139700
11-Jun-02,1.80,1.81,1.56,1.75,107700
10-Jun-02,1.90,1.94,1.81,1.90,58700
7-Jun-02,1.83,1.95,1.82,1.91,55900
6-Jun-02,1.96,1.97,1.84,1.93,59000
5-Jun-02,1.79,1.98,1.65,1.98,115800
4-Jun-02,1.73,1.76,1.50,1.76,72900
3-Jun-02,1.74,1.80,1.56,1.74,80000
31-May-02,1.80,1.85,1.69,1.80,19900
30-May-02,1.85,1.87,1.67,1.80,37000
29-May-02,1.79,1.82,1.71,1.82,21400
28-May-02,1.78,1.85,1.71,1.80,21700
24-May-02,1.84,1.85,1.74,1.81,32400
23-May-02,1.76,1.77,1.60,1.75,54700
22-May-02,1.81,1.82,1.71,1.78,43200
21-May-02,1.79,1.90,1.73,1.85,62100
20-May-02,1.80,1.86,1.66,1.79,49000
17-May-02,1.69,1.78,1.69,1.70,46400
16-May-02,1.59,1.74,1.55,1.73,46400
15-May-02,1.53,1.59,1.49,1.56,57400
14-May-02,1.41,1.58,1.40,1.49,115200
13-May-02,1.66,1.67,1.41,1.41,118200
10-May-02,1.73,1.75,1.63,1.68,53500
9-May-02,1.83,1.88,1.63,1.72,87700
8-May-02,1.87,1.88,1.80,1.83,25200
7-May-02,1.82,1.88,1.80,1.83,98000
6-May-02,1.89,1.89,1.76,1.80,102100
3-May-02,1.93,2.00,1.86,1.96,124600
2-May-02,2.06,2.12,1.95,2.01,49800
1-May-02,2.06,2.14,2.00,2.08,67600
30-Apr-02,2.16,2.17,1.92,2.07,196500
29-Apr-02,2.24,2.25,2.07,2.15,106900
26-Apr-02,2.20,2.27,2.10,2.21,61300
25-Apr-02,2.33,2.41,2.00,2.27,88400
24-Apr-02,2.30,2.31,2.17,2.28,73900
23-Apr-02,2.39,2.58,2.10,2.30,174200
22-Apr-02,2.10,2.37,2.02,2.34,118900
19-Apr-02,2.01,2.08,1.99,2.07,32900
18-Apr-02,2.07,2.10,1.97,2.02,65100
17-Apr-02,1.97,2.08,1.96,2.05,69700
16-Apr-02,1.97,2.00,1.90,1.95,54000
15-Apr-02,1.92,1.98,1.86,1.92,39100
12-Apr-02,1.93,1.99,1.89,1.93,35000
11-Apr-02,1.93,2.10,1.93,1.98,63200
10-Apr-02,1.92,1.99,1.83,1.99,65800
9-Apr-02,1.98,1.99,1.85,1.92,79100
8-Apr-02,1.98,2.00,1.76,1.89,112300
5-Apr-02,1.94,2.06,1.90,1.96,44900
4-Apr-02,1.85,2.00,1.84,1.97,76200
3-Apr-02,2.01,2.02,1.80,1.85,111000
2-Apr-02,1.97,2.08,1.96,2.08,101200
1-Apr-02,2.13,2.14,2.05,2.07,46600
28-Mar-02,2.20,2.29,2.03,2.13,45500
27-Mar-02,2.31,2.35,2.15,2.21,63700
26-Mar-02,2.35,2.36,2.29,2.34,19200
25-Mar-02,2.32,2.42,2.27,2.33,38100
22-Mar-02,2.39,2.40,2.31,2.36,32700
21-Mar-02,2.41,2.45,2.31,2.36,36200
20-Mar-02,2.43,2.46,2.32,2.40,18800
19-Mar-02,2.48,2.51,2.39,2.46,45300
18-Mar-02,2.36,2.49,2.36,2.45,21900
15-Mar-02,2.23,2.40,2.20,2.40,66100
14-Mar-02,2.36,2.40,2.20,2.32,103000
13-Mar-02,2.53,2.58,2.40,2.45,73700
12-Mar-02,2.50,2.57,2.50,2.54,41300
11-Mar-02,2.39,2.55,2.37,2.54,80300
8-Mar-02,2.61,2.65,2.32,2.40,145400
7-Mar-02,2.71,2.75,2.60,2.66,62200
6-Mar-02,2.57,2.74,2.56,2.65,72600
5-Mar-02,2.65,2.70,2.56,2.60,34700
4-Mar-02,2.40,2.65,2.39,2.64,106300
1-Mar-02,2.60,2.68,2.51,2.55,38200
28-Feb-02,2.60,2.69,2.53,2.60,47700
27-Feb-02,2.66,2.72,2.57,2.66,38300
26-Feb-02,2.73,2.76,2.57,2.63,86400
25-Feb-02,2.79,2.84,2.56,2.75,48000
22-Feb-02,2.65,2.88,2.61,2.88,43800
21-Feb-02,2.64,2.69,2.57,2.65,45600
20-Feb-02,2.55,2.68,2.50,2.64,48400
19-Feb-02,2.55,2.61,2.40,2.56,90800
15-Feb-02,2.75,2.77,2.62,2.68,44600
14-Feb-02,2.88,2.88,2.70,2.76,32900
13-Feb-02,2.95,2.99,2.70,2.83,47300
12-Feb-02,2.90,2.98,2.80,2.96,60500
11-Feb-02,2.73,2.90,2.67,2.89,67000
8-Feb-02,2.62,2.70,2.58,2.70,106700
7-Feb-02,2.82,2.83,2.57,2.66,76500
6-Feb-02,2.81,2.89,2.71,2.82,81800
5-Feb-02,2.82,2.90,2.71,2.82,112000
4-Feb-02,3.07,3.15,2.88,2.98,67200
1-Feb-02,3.02,3.20,3.01,3.13,46800
31-Jan-02,2.99,3.20,2.92,3.05,150200
30-Jan-02,2.71,3.00,2.70,2.96,118000
29-Jan-02,2.98,3.00,2.54,2.72,210700
28-Jan-02,3.03,3.25,2.85,3.00,218300
25-Jan-02,3.28,3.35,3.18,3.28,83600
24-Jan-02,3.30,3.40,3.26,3.35,56500
23-Jan-02,3.40,3.42,3.27,3.35,61600
22-Jan-02,3.46,3.49,3.26,3.39,74300
18-Jan-02,3.38,3.60,3.20,3.39,182200
17-Jan-02,3.51,3.55,3.36,3.38,89300
16-Jan-02,3.48,3.53,3.40,3.46,79600
15-Jan-02,3.54,3.61,3.40,3.49,196100
14-Jan-02,3.69,3.78,3.50,3.60,101200
11-Jan-02,3.80,3.84,3.71,3.83,95100
10-Jan-02,3.66,3.89,3.60,3.76,82300
9-Jan-02,3.84,3.84,3.65,3.75,108700
8-Jan-02,3.95,3.95,3.80,3.80,82800
7-Jan-02,3.76,3.92,3.71,3.84,101800
4-Jan-02,3.63,3.77,3.57,3.77,178800
3-Jan-02,3.48,3.55,3.40,3.51,142400
2-Jan-02,3.51,3.60,3.31,3.49,95000
31-Dec-01,3.51,3.56,3.49,3.49,119000
28-Dec-01,3.46,3.59,3.41,3.56,108000
27-Dec-01,3.42,3.53,3.41,3.47,63000
26-Dec-01,3.41,3.65,3.36,3.44,104100
24-Dec-01,3.53,3.67,3.45,3.60,49300
21-Dec-01,3.44,3.70,3.44,3.58,87600
20-Dec-01,3.59,3.69,3.44,3.47,140000
19-Dec-01,3.65,3.88,3.58,3.64,204600
18-Dec-01,4.06,4.14,3.60,3.84,328500
17-Dec-01,3.56,4.35,3.55,4.15,1262200
14-Dec-01,3.66,3.80,3.50,3.52,158500
13-Dec-01,3.60,3.74,3.50,3.62,194900
12-Dec-01,3.39,3.72,3.38,3.60,199600
11-Dec-01,3.28,3.39,3.16,3.39,153800
10-Dec-01,3.16,3.36,3.05,3.25,164800
7-Dec-01,3.40,3.49,3.13,3.24,140900
6-Dec-01,3.44,3.58,3.20,3.35,350300
5-Dec-01,2.88,3.38,2.88,3.38,507200
4-Dec-01,2.85,2.96,2.80,2.90,163200
3-Dec-01,2.87,2.98,2.80,2.85,216000
30-Nov-01,2.72,2.90,2.65,2.82,144800
29-Nov-01,2.87,2.94,2.66,2.76,166000
28-Nov-01,2.95,2.99,2.75,2.91,213900
27-Nov-01,2.90,3.00,2.66,2.82,433000
26-Nov-01,3.12,3.25,2.82,2.96,1208600
23-Nov-01,2.70,2.75,2.65,2.71,41500
21-Nov-01,2.70,2.70,2.60,2.64,59200
20-Nov-01,2.62,2.72,2.62,2.66,177700
19-Nov-01,2.59,2.65,2.58,2.62,151300
16-Nov-01,2.57,2.65,2.49,2.56,118500
15-Nov-01,2.61,2.69,2.50,2.57,77200
14-Nov-01,2.63,2.70,2.56,2.60,71700
13-Nov-01,2.58,2.70,2.55,2.61,79100
12-Nov-01,2.57,2.73,2.50,2.57,124100
9-Nov-01,2.70,2.73,2.60,2.68,96300
8-Nov-01,2.79,2.79,2.70,2.73,124600
7-Nov-01,2.73,2.80,2.62,2.69,98600
6-Nov-01,2.75,2.90,2.70,2.77,123900
5-Nov-01,2.87,2.95,2.72,2.76,76300
2-Nov-01,2.78,2.92,2.78,2.87,106800
1-Nov-01,2.69,2.89,2.64,2.78,52700
31-Oct-01,2.74,2.85,2.65,2.72,63300
30-Oct-01,2.86,2.87,2.60,2.71,131000
29-Oct-01,3.11,3.18,2.85,2.96,151200
26-Oct-01,2.65,3.10,2.65,3.06,331700
25-Oct-01,2.59,2.70,2.51,2.63,59700
24-Oct-01,2.58,2.63,2.51,2.51,81500
23-Oct-01,2.61,2.94,2.53,2.61,90700
22-Oct-01,2.74,2.80,2.61,2.62,101000
19-Oct-01,2.47,2.80,2.47,2.70,143500
18-Oct-01,2.66,2.82,2.65,2.72,92100
17-Oct-01,2.85,2.92,2.62,2.65,110100
16-Oct-01,2.74,2.94,2.70,2.77,88300
15-Oct-01,2.73,2.74,2.50,2.70,109500
12-Oct-01,2.85,2.90,2.58,2.73,119300
11-Oct-01,3.16,3.25,2.63,2.76,483800
10-Oct-01,2.59,3.15,2.52,2.97,600300
9-Oct-01,2.12,2.65,2.11,2.41,615000
8-Oct-01,2.10,2.16,2.06,2.07,109200
5-Oct-01,2.31,2.31,2.09,2.11,173300
4-Oct-01,2.26,2.38,2.20,2.20,383000
3-Oct-01,2.09,2.40,2.08,2.15,345600
2-Oct-01,2.17,2.17,2.05,2.09,113500
1-Oct-01,2.07,2.18,2.00,2.10,191100
28-Sep-01,2.09,2.13,2.00,2.01,156900
27-Sep-01,2.00,2.05,1.97,2.03,79500
26-Sep-01,1.99,2.10,1.96,2.01,123600
25-Sep-01,2.03,2.05,1.90,1.94,233900
24-Sep-01,1.99,2.07,1.92,2.01,309800
21-Sep-01,2.00,2.05,1.85,1.95,771400
20-Sep-01,2.12,2.17,1.99,2.00,380800
19-Sep-01,2.44,2.63,2.10,2.10,391400
18-Sep-01,2.25,2.37,2.15,2.33,283800
17-Sep-01,2.29,2.49,2.15,2.15,432400
10-Sep-01,2.91,2.92,2.58,2.59,220400
7-Sep-01,3.03,3.05,2.88,2.96,383400
6-Sep-01,3.00,3.15,3.00,3.01,297800
5-Sep-01,2.97,3.25,2.80,3.00,490400
4-Sep-01,3.13,3.19,2.85,2.99,222400
31-Aug-01,3.02,3.19,2.98,3.10,157600
30-Aug-01,3.24,3.30,3.01,3.06,305100
29-Aug-01,3.66,3.67,3.18,3.28,291000
28-Aug-01,3.77,3.77,3.58,3.60,111900
27-Aug-01,3.70,3.85,3.62,3.74,168300
24-Aug-01,3.62,3.77,3.51,3.68,227900
23-Aug-01,3.78,3.93,3.57,3.57,262400
22-Aug-01,3.75,3.92,3.59,3.75,312500
21-Aug-01,3.50,3.98,3.40,3.59,554000
20-Aug-01,3.75,3.85,3.35,3.57,661600
17-Aug-01,3.91,3.98,3.75,3.81,374100
16-Aug-01,4.01,4.08,3.81,3.96,575400
15-Aug-01,4.50,4.54,4.06,4.08,889800
14-Aug-01,5.15,5.16,4.56,4.64,573900
13-Aug-01,4.55,5.23,4.51,4.98,1395700
10-Aug-01,6.15,6.15,4.84,4.84,4684200
9-Aug-01,5.51,6.58,5.36,6.45,8197600
8-Aug-01,5.33,5.48,4.52,4.73,1294600
7-Aug-01,4.72,5.39,4.50,5.15,1567600
6-Aug-01,4.20,4.56,4.07,4.55,466300
3-Aug-01,4.21,4.21,3.88,4.12,536100
2-Aug-01,4.28,4.50,4.05,4.29,1057900
1-Aug-01,5.04,5.22,4.50,4.56,1290000
31-Jul-01,6.05,6.05,5.30,5.46,813300
30-Jul-01,6.54,6.60,6.10,6.16,541200
27-Jul-01,6.10,6.40,6.00,6.38,475000
26-Jul-01,6.19,6.25,5.60,6.00,748900
25-Jul-01,6.77,6.79,6.06,6.19,817900
24-Jul-01,7.08,7.09,6.65,6.75,773200
23-Jul-01,6.75,7.25,6.60,7.00,1918900
20-Jul-01,6.32,6.67,6.05,6.30,386500
19-Jul-01,6.53,6.55,6.25,6.25,631100
18-Jul-01,6.40,6.72,6.05,6.11,742900
17-Jul-01,6.59,6.60,6.01,6.31,869200
16-Jul-01,5.87,6.73,5.85,6.50,2177000
13-Jul-01,5.54,5.85,5.45,5.85,887200
12-Jul-01,5.14,5.66,5.05,5.59,851900
11-Jul-01,5.30,5.39,4.93,5.02,299200
10-Jul-01,5.84,5.96,5.25,5.45,692900
9-Jul-01,4.95,5.72,4.91,5.70,959600
6-Jul-01,5.00,5.01,4.37,4.90,458400
5-Jul-01,5.24,5.25,4.85,5.11,270900
3-Jul-01,5.62,5.73,5.15,5.28,372400
2-Jul-01,4.70,5.94,4.70,5.64,1344300
29-Jun-01,4.50,4.75,4.48,4.72,150900
28-Jun-01,4.59,4.61,4.47,4.49,144100
27-Jun-01,4.74,4.74,4.26,4.46,192000
26-Jun-01,4.69,4.80,4.58,4.65,174000
25-Jun-01,4.82,4.84,4.43,4.70,297100
22-Jun-01,4.43,4.72,4.36,4.47,650900
21-Jun-01,4.15,4.43,4.06,4.06,392900
20-Jun-01,4.15,4.20,3.75,3.90,233300
19-Jun-01,4.22,4.47,4.05,4.14,222600
18-Jun-01,4.02,4.24,3.85,4.04,420500
15-Jun-01,3.80,3.81,3.54,3.69,259100
14-Jun-01,4.30,4.34,3.80,3.86,408000
13-Jun-01,4.52,4.84,4.24,4.28,428000
12-Jun-01,4.20,4.50,4.18,4.41,447800
11-Jun-01,5.03,5.15,4.21,4.54,1165900
8-Jun-01,5.64,6.15,4.85,5.03,4370500
7-Jun-01,3.51,5.63,3.51,5.41,4379500
6-Jun-01,3.24,3.28,3.16,3.28,62100
5-Jun-01,3.04,3.48,3.03,3.19,119800
4-Jun-01,2.98,3.14,2.97,3.04,54100
1-Jun-01,2.90,3.07,2.85,2.97,64600
31-May-01,2.86,3.15,2.77,2.95,109700
30-May-01,3.10,3.14,2.86,2.86,80500
29-May-01,3.40,3.41,3.09,3.10,109800
25-May-01,3.64,3.65,3.31,3.40,99100
24-May-01,3.34,3.75,3.18,3.60,178800
23-May-01,3.55,3.55,3.14,3.34,221600
22-May-01,4.04,4.05,3.52,3.56,286000
21-May-01,3.38,4.01,3.34,3.95,422800
18-May-01,3.13,3.27,3.03,3.26,175600
17-May-01,2.94,3.08,2.90,3.01,137100
16-May-01,2.92,2.95,2.72,2.90,110500
15-May-01,2.69,3.00,2.67,2.84,218700
14-May-01,2.53,2.57,2.50,2.54,34100
11-May-01,2.71,2.80,2.50,2.53,114200
10-May-01,2.97,2.97,2.55,2.69,270200
9-May-01,2.56,3.29,2.51,2.90,384700
8-May-01,2.42,2.54,2.31,2.54,103000
7-May-01,2.27,2.40,2.25,2.35,83200
4-May-01,2.15,2.44,2.06,2.20,128700
3-May-01,2.19,2.20,2.06,2.17,106300
2-May-01,1.93,2.30,1.90,2.18,208700
1-May-01,1.95,1.99,1.88,1.88,82300
30-Apr-01,1.98,2.00,1.85,1.97,106100
27-Apr-01,1.87,2.00,1.83,1.84,85200
26-Apr-01,1.94,1.95,1.84,1.91,52900
25-Apr-01,1.77,1.90,1.77,1.90,21300
24-Apr-01,1.87,1.91,1.77,1.77,36400
23-Apr-01,1.87,1.94,1.80,1.91,41500
20-Apr-01,1.95,1.95,1.80,1.84,75500
19-Apr-01,1.89,1.97,1.83,1.96,109400
18-Apr-01,1.84,2.00,1.80,1.91,115200
17-Apr-01,1.85,1.85,1.77,1.83,48500
16-Apr-01,1.89,1.93,1.80,1.81,63100
12-Apr-01,1.93,2.00,1.85,1.86,162100
11-Apr-01,2.02,2.07,1.85,1.89,171600
10-Apr-01,1.72,1.99,1.71,1.88,260700
9-Apr-01,1.54,1.65,1.51,1.57,53400
6-Apr-01,1.67,1.72,1.50,1.59,82100
5-Apr-01,1.48,1.72,1.47,1.72,90100
4-Apr-01,1.66,1.69,1.47,1.56,126200
3-Apr-01,1.73,1.75,1.50,1.59,111100
2-Apr-01,1.78,1.78,1.62,1.78,122500
30-Mar-01,1.75,1.78,1.72,1.75,132400
29-Mar-01,1.78,1.78,1.75,1.75,83100
28-Mar-01,1.80,1.94,1.75,1.75,63600
27-Mar-01,2.03,2.03,1.75,1.78,185100
26-Mar-01,2.02,2.12,1.88,1.88,81200
23-Mar-01,1.78,2.12,1.78,2.00,95400
22-Mar-01,1.91,1.91,1.75,1.84,191500
21-Mar-01,2.03,2.12,1.88,1.91,213000
20-Mar-01,2.22,2.25,2.03,2.03,122800
19-Mar-01,2.25,2.34,2.16,2.22,171200
16-Mar-01,2.41,2.44,2.28,2.31,27400
15-Mar-01,2.44,2.50,2.41,2.41,91500
14-Mar-01,2.38,2.44,2.22,2.34,61100
13-Mar-01,2.38,2.41,2.12,2.41,154800
12-Mar-01,2.56,2.59,2.28,2.31,92300
9-Mar-01,2.56,2.75,2.50,2.56,67200
8-Mar-01,2.72,2.88,2.62,2.69,101400
7-Mar-01,3.11,3.12,2.81,2.88,80500
6-Mar-01,3.11,3.25,3.03,3.06,84100
5-Mar-01,3.20,3.31,3.00,3.03,163200
2-Mar-01,2.94,3.25,2.81,3.16,223300
1-Mar-01,2.77,2.97,2.72,2.88,101600
28-Feb-01,2.84,2.97,2.62,2.72,64200
27-Feb-01,3.03,3.09,2.66,2.84,155400
26-Feb-01,2.50,3.12,2.47,3.03,444800
23-Feb-01,2.19,2.22,2.09,2.16,91700
22-Feb-01,2.44,2.44,2.03,2.22,226800
21-Feb-01,2.55,2.64,2.41,2.44,125000
20-Feb-01,2.91,2.94,2.53,2.53,132300
16-Feb-01,2.78,2.81,2.59,2.81,46700
15-Feb-01,2.81,2.88,2.69,2.75,51300
14-Feb-01,2.78,2.81,2.53,2.81,80000
13-Feb-01,2.84,3.12,2.78,2.81,71200
12-Feb-01,2.80,2.88,2.75,2.88,29200
9-Feb-01,2.81,2.97,2.72,2.81,78900
8-Feb-01,3.00,3.19,2.94,3.03,31400
7-Feb-01,2.78,3.00,2.69,2.97,77800
6-Feb-01,3.06,3.06,2.78,2.94,150500
5-Feb-01,3.22,3.23,3.00,3.06,74900
2-Feb-01,3.47,3.47,3.16,3.19,65900
1-Feb-01,3.50,3.56,3.31,3.31,81000
31-Jan-01,3.61,3.66,3.50,3.56,107900
30-Jan-01,3.66,3.75,3.50,3.56,189900
29-Jan-01,3.50,3.53,3.41,3.44,102700
26-Jan-01,3.50,3.50,3.03,3.38,143800
25-Jan-01,3.75,3.75,3.44,3.44,126700
24-Jan-01,3.44,3.69,3.41,3.56,153100
23-Jan-01,3.25,3.75,3.00,3.38,346500
22-Jan-01,3.38,3.38,3.16,3.16,87000
19-Jan-01,3.50,3.62,3.28,3.38,67800
18-Jan-01,3.47,3.56,3.38,3.41,203500
17-Jan-01,3.17,3.56,3.16,3.38,355000
16-Jan-01,2.88,3.19,2.84,3.12,241900
12-Jan-01,2.88,2.97,2.78,2.88,120000
11-Jan-01,2.84,2.94,2.56,2.81,132600
10-Jan-01,2.78,2.88,2.62,2.88,93300
9-Jan-01,2.62,2.81,2.56,2.69,103900
8-Jan-01,2.97,3.06,2.47,2.59,233500
5-Jan-01,2.91,3.00,2.69,2.78,135800
4-Jan-01,2.67,3.12,2.34,2.81,334400
3-Jan-01,2.31,2.62,2.28,2.50,136100
2-Jan-01,2.70,2.75,2.31,2.44,99400
29-Dec-00,2.47,2.56,2.25,2.50,551200
28-Dec-00,2.59,2.66,2.38,2.53,405400
27-Dec-00,2.75,2.81,2.44,2.44,366600
26-Dec-00,2.97,3.00,2.69,2.78,209400
22-Dec-00,2.77,2.94,2.69,2.88,194600
21-Dec-00,3.03,3.06,2.50,2.72,368900
20-Dec-00,3.19,3.31,2.94,3.06,671300
19-Dec-00,3.28,4.30,3.25,3.50,2223300
18-Dec-00,2.88,2.94,2.47,2.50,216800
15-Dec-00,2.88,2.88,2.50,2.62,158500
14-Dec-00,3.03,3.06,2.78,2.94,61000
13-Dec-00,3.12,3.50,2.88,3.00,111400
12-Dec-00,3.12,3.19,2.94,3.12,79700
11-Dec-00,3.00,3.25,2.88,3.19,160600
8-Dec-00,3.09,3.12,2.69,2.97,220600
7-Dec-00,2.88,3.00,2.75,2.81,174700
6-Dec-00,3.34,3.62,3.12,3.12,83900
5-Dec-00,3.27,3.38,2.00,3.28,84800
4-Dec-00,3.22,3.56,3.12,3.16,162600
1-Dec-00,2.88,3.50,2.81,3.12,270500
30-Nov-00,2.81,2.88,2.44,2.75,272300
29-Nov-00,3.14,3.17,2.75,2.94,196800
28-Nov-00,3.58,3.59,3.06,3.25,172700
27-Nov-00,3.88,3.94,3.50,3.50,139800
24-Nov-00,3.25,3.75,3.25,3.66,104200
22-Nov-00,3.03,3.22,2.91,3.22,334300
21-Nov-00,3.62,3.75,3.19,3.19,301200
20-Nov-00,4.14,4.19,3.75,3.75,172400
17-Nov-00,4.19,4.31,4.00,4.00,310100
16-Nov-00,4.47,4.56,4.12,4.16,341800
15-Nov-00,4.22,4.72,4.22,4.34,191700
14-Nov-00,4.44,4.56,4.03,4.12,233500
13-Nov-00,5.09,5.12,4.44,4.50,269200
10-Nov-00,4.95,5.38,4.94,5.25,126000
9-Nov-00,5.50,5.61,5.00,5.19,213900
8-Nov-00,5.72,5.75,5.41,5.59,73300
7-Nov-00,5.62,5.69,5.31,5.62,154200
6-Nov-00,5.31,5.72,5.28,5.53,177900
3-Nov-00,5.41,5.47,5.16,5.28,203400
2-Nov-00,5.61,6.12,5.22,5.38,565300
1-Nov-00,4.91,5.73,4.62,4.75,153100
31-Oct-00,0.00,5.06,4.75,4.91,103200
30-Oct-00,0.00,5.25,4.62,4.94,82000
27-Oct-00,0.00,5.25,4.94,5.00,73100
26-Oct-00,0.00,5.31,4.75,4.88,120200
25-Oct-00,0.00,5.75,5.12,5.12,105800
24-Oct-00,0.00,6.00,5.50,5.62,221400
23-Oct-00,0.00,5.84,5.12,5.81,227800
20-Oct-00,0.00,5.25,4.72,5.12,170600
19-Oct-00,0.00,4.81,4.50,4.75,97300
18-Oct-00,0.00,4.75,4.41,4.50,110300
17-Oct-00,0.00,4.94,4.53,4.62,149500
16-Oct-00,0.00,5.00,4.47,4.81,149600
13-Oct-00,0.00,4.56,4.25,4.38,217800
12-Oct-00,0.00,5.12,4.25,4.44,293700
11-Oct-00,0.00,5.06,4.56,4.75,196000
10-Oct-00,0.00,5.25,4.69,5.00,285500
9-Oct-00,0.00,5.12,4.50,4.72,201800
6-Oct-00,0.00,5.31,4.78,5.09,230300
5-Oct-00,0.00,5.88,4.69,5.12,384100
4-Oct-00,0.00,5.81,4.94,5.12,494500
3-Oct-00,0.00,6.34,5.38,5.75,302200
2-Oct-00,0.00,6.75,6.12,6.22,245300
29-Sep-00,0.00,6.88,6.44,6.50,134600
28-Sep-00,0.00,6.75,6.38,6.75,124700
27-Sep-00,0.00,6.81,6.50,6.56,210700
26-Sep-00,0.00,7.09,6.50,6.50,142100
25-Sep-00,0.00,7.50,6.66,6.75,222000
22-Sep-00,0.00,6.81,6.00,6.75,317000
21-Sep-00,0.00,6.84,6.38,6.81,222900
20-Sep-00,0.00,7.00,6.50,6.88,192100
19-Sep-00,0.00,7.28,6.62,6.88,293300
18-Sep-00,0.00,7.50,6.75,7.12,477200
15-Sep-00,0.00,8.62,7.38,7.52,1031800
14-Sep-00,0.00,8.50,6.81,8.25,1502600
13-Sep-00,0.00,6.88,6.31,6.47,285300
12-Sep-00,0.00,7.56,6.62,6.94,441100
11-Sep-00,0.00,8.25,7.25,7.44,330300
8-Sep-00,0.00,8.00,7.50,7.56,450600
7-Sep-00,0.00,8.50,7.75,7.97,496300
6-Sep-00,0.00,8.75,7.69,7.91,687900
5-Sep-00,0.00,9.25,8.62,8.88,559800
1-Sep-00,0.00,9.50,8.50,8.94,576500
31-Aug-00,0.00,10.25,8.50,9.00,2025400
30-Aug-00,0.00,9.50,8.19,9.44,1733800
29-Aug-00,0.00,8.91,7.88,8.00,664000
28-Aug-00,0.00,8.56,7.53,8.34,918700
25-Aug-00,0.00,8.88,7.56,7.94,3181600
24-Aug-00,0.00,11.67,9.00,9.66,10225000
23-Aug-00,0.00,8.86,5.94,7.38,4890400
22-Aug-00,0.00,5.75,5.19,5.38,146400
21-Aug-00,0.00,5.47,5.03,5.31,154600
18-Aug-00,0.00,5.44,4.94,4.98,103000
17-Aug-00,0.00,5.00,4.72,5.00,111800
16-Aug-00,0.00,5.59,4.62,4.69,240400
15-Aug-00,0.00,6.00,5.03,5.22,241800
14-Aug-00,0.00,6.00,5.38,5.56,419300
11-Aug-00,0.00,5.31,4.56,5.06,284500
10-Aug-00,0.00,4.53,4.09,4.50,355900
9-Aug-00,0.00,4.12,3.88,3.88,81900
8-Aug-00,0.00,4.06,3.88,3.94,46400
7-Aug-00,0.00,4.12,3.88,4.06,155000
4-Aug-00,0.00,4.03,3.75,3.91,44400
3-Aug-00,0.00,3.94,3.53,3.94,95200
2-Aug-00,0.00,4.00,3.75,3.88,120400
1-Aug-00,0.00,4.00,3.81,3.97,63700
31-Jul-00,0.00,4.12,3.81,3.89,121400
28-Jul-00,0.00,4.25,3.75,4.12,118700
27-Jul-00,0.00,4.25,3.75,4.12,219900
26-Jul-00,0.00,4.88,4.00,4.06,146200
25-Jul-00,0.00,4.88,4.31,4.50,62700
24-Jul-00,0.00,5.19,4.56,4.81,100100
21-Jul-00,0.00,5.25,4.75,5.06,172200
20-Jul-00,0.00,4.62,4.25,4.62,92800
19-Jul-00,0.00,4.66,4.25,4.25,144900
18-Jul-00,0.00,4.72,4.50,4.62,139800
17-Jul-00,0.00,4.88,4.19,4.69,175400
14-Jul-00,0.00,5.00,4.69,4.88,133800
13-Jul-00,0.00,5.31,4.75,4.88,232100
12-Jul-00,0.00,5.50,5.12,5.12,158000
11-Jul-00,0.00,5.59,5.12,5.50,179100
10-Jul-00,0.00,6.06,5.50,5.50,134900
7-Jul-00,0.00,6.44,5.75,5.75,133500
6-Jul-00,0.00,6.38,5.88,6.19,185600
5-Jul-00,0.00,6.31,5.75,6.12,252500
3-Jul-00,0.00,5.94,5.31,5.75,65200
30-Jun-00,0.00,5.62,5.12,5.31,104300
29-Jun-00,0.00,6.00,4.88,5.38,194800
28-Jun-00,0.00,6.69,5.03,5.84,426700
27-Jun-00,0.00,6.38,5.56,6.38,796300
26-Jun-00,0.00,5.94,4.97,5.38,616100
23-Jun-00,0.00,4.94,4.56,4.88,111600
22-Jun-00,0.00,4.97,4.38,4.62,278500
21-Jun-00,0.00,4.50,4.00,4.44,168100
20-Jun-00,0.00,4.25,3.94,4.03,125000
19-Jun-00,0.00,4.09,3.75,4.06,46700
16-Jun-00,0.00,4.12,3.62,3.75,65400
15-Jun-00,0.00,4.41,3.75,3.88,154700
14-Jun-00,0.00,4.62,4.25,4.31,90300
13-Jun-00,0.00,4.44,4.12,4.28,80500
12-Jun-00,0.00,5.00,4.00,4.19,246700
9-Jun-00,0.00,4.88,4.41,4.44,127800
8-Jun-00,0.00,4.94,4.44,4.44,150300
7-Jun-00,0.00,5.12,4.53,4.69,507700
6-Jun-00,0.00,4.62,3.44,4.38,462100
5-Jun-00,0.00,3.75,3.12,3.38,353900
2-Jun-00,0.00,3.19,2.75,3.12,437900
1-Jun-00,0.00,2.81,2.00,2.62,432400
31-May-00,0.00,3.31,2.50,2.53,629300
30-May-00,0.00,3.38,2.94,2.97,148000
26-May-00,0.00,3.31,3.06,3.12,55800
25-May-00,0.00,3.50,2.94,3.12,127900
24-May-00,3.06,3.25,2.75,2.88,374600
23-May-00,3.81,3.81,3.25,3.28,236200
22-May-00,3.94,4.00,3.44,3.69,153900
19-May-00,3.75,4.00,3.59,3.84,87700
18-May-00,4.00,4.00,3.62,3.69,126900
17-May-00,4.00,4.06,3.91,3.97,207000
16-May-00,4.06,4.19,3.97,4.12,125300
15-May-00,4.25,4.25,3.88,3.94,120200
12-May-00,4.50,4.50,4.12,4.25,87800
11-May-00,4.47,4.62,4.09,4.12,111000
10-May-00,4.44,4.62,4.03,4.19,173700
9-May-00,4.81,5.00,4.38,4.50,61100
8-May-00,5.00,5.03,4.62,4.75,80400
5-May-00,4.88,5.12,4.75,4.88,193600
4-May-00,4.31,4.88,4.25,4.62,155000
3-May-00,4.94,4.94,4.12,4.31,153600
2-May-00,5.38,5.38,4.88,4.94,141200
1-May-00,4.50,5.38,4.44,5.34,370600
28-Apr-00,4.00,4.50,3.91,4.44,250400
27-Apr-00,4.12,4.25,3.75,3.94,285400
26-Apr-00,4.75,4.88,4.00,4.00,149600
25-Apr-00,4.62,4.88,4.50,4.69,123900
24-Apr-00,5.19,5.31,4.50,4.81,197100
20-Apr-00,5.50,6.00,5.00,5.25,538500
19-Apr-00,4.75,5.50,4.12,4.41,444000
18-Apr-00,3.03,4.41,2.88,4.19,740500
17-Apr-00,3.00,3.50,2.75,3.00,984100
14-Apr-00,4.19,4.50,3.12,3.38,763200
13-Apr-00,5.25,5.38,4.16,4.31,488400
12-Apr-00,5.62,6.00,5.00,5.06,357600
11-Apr-00,5.75,6.44,5.12,5.75,392800
10-Apr-00,7.06,7.38,6.12,6.44,203300
7-Apr-00,7.12,7.19,6.44,7.06,308500
6-Apr-00,6.81,7.38,6.50,7.06,449400
5-Apr-00,6.06,6.75,5.75,6.50,334600
4-Apr-00,6.44,7.00,4.56,6.25,701400
3-Apr-00,7.25,8.06,6.12,6.31,516300
31-Mar-00,5.31,7.75,4.38,7.72,1337300
30-Mar-00,5.56,6.12,5.31,5.50,738800
29-Mar-00,6.75,6.81,6.00,6.00,888700
28-Mar-00,7.16,7.22,6.50,6.81,567300
27-Mar-00,7.62,7.75,6.81,7.25,490100
24-Mar-00,8.88,9.25,7.56,8.00,455100
23-Mar-00,8.75,9.88,8.69,8.69,797700
22-Mar-00,7.38,8.75,7.38,8.38,689300
21-Mar-00,6.62,7.12,6.00,7.12,1205900
20-Mar-00,8.19,8.25,6.50,7.19,1378000
17-Mar-00,8.94,9.25,8.06,8.19,626100
16-Mar-00,10.12,10.50,8.12,8.56,1514800
15-Mar-00,8.25,10.00,8.19,9.44,1616600
14-Mar-00,10.00,10.19,8.00,8.22,2418300
13-Mar-00,0.00,11.62,9.88,10.12,1538100
10-Mar-00,13.06,14.00,11.62,12.00,1426700
9-Mar-00,11.06,12.88,10.88,12.31,1273800
8-Mar-00,13.19,13.50,10.38,11.06,1997700
7-Mar-00,15.44,15.75,12.50,12.56,2031100
6-Mar-00,0.00,17.88,13.62,14.75,2595700
3-Mar-00,0.00,20.00,15.56,16.12,5467000
2-Mar-00,0.00,16.25,11.38,15.25,5356100
1-Mar-00,0.00,9.50,8.38,9.44,1222200
29-Feb-00,8.50,9.12,8.25,8.25,747300
28-Feb-00,8.38,8.62,8.00,8.22,448200
25-Feb-00,8.06,9.00,7.38,8.12,1087400
24-Feb-00,9.44,9.69,7.00,8.06,1308200
23-Feb-00,9.22,9.88,8.62,8.75,1794600
22-Feb-00,8.67,9.00,7.75,8.94,2584600
18-Feb-00,6.88,8.62,6.62,7.25,3491100
17-Feb-00,6.34,7.00,6.19,6.56,1871500
16-Feb-00,5.97,6.25,5.56,6.06,657900
15-Feb-00,6.31,6.38,5.50,6.06,561200
14-Feb-00,6.38,6.75,6.19,6.44,780700
11-Feb-00,6.75,6.88,5.75,6.03,969200
10-Feb-00,5.69,6.69,5.56,6.62,1718100
9-Feb-00,5.50,5.53,5.06,5.50,297400
8-Feb-00,5.56,5.69,5.06,5.31,646200
7-Feb-00,5.62,5.75,5.03,5.50,877800
4-Feb-00,4.25,5.38,4.25,5.00,779600
3-Feb-00,4.12,4.38,4.00,4.25,363800
2-Feb-00,4.44,4.44,3.88,4.12,286700
1-Feb-00,3.94,4.44,3.81,4.00,518700
31-Jan-00,4.00,4.31,3.50,3.62,570300
28-Jan-00,4.25,4.47,3.66,4.00,628300
27-Jan-00,5.00,5.00,4.12,4.12,1068900
26-Jan-00,5.94,5.94,4.75,5.00,963900
25-Jan-00,6.00,6.00,5.25,5.75,911500
24-Jan-00,5.62,6.38,5.38,5.59,2533000
21-Jan-00,5.50,7.75,5.12,5.12,7573800
20-Jan-00,3.38,6.12,2.94,5.38,8093900
19-Jan-00,2.59,3.69,2.50,3.00,1583300
18-Jan-00,2.56,2.66,2.44,2.62,272000
14-Jan-00,2.81,2.97,2.38,2.50,530200
13-Jan-00,2.69,2.94,2.50,2.81,561800
12-Jan-00,2.94,3.00,2.31,2.62,584000
11-Jan-00,2.25,2.81,2.22,2.69,956300
10-Jan-00,2.00,2.25,2.00,2.16,492400
7-Jan-00,1.94,2.06,1.94,1.94,410300
6-Jan-00,1.86,2.03,1.78,1.88,293500
5-Jan-00,1.56,2.12,1.44,1.75,535500
4-Jan-00,1.45,1.88,1.44,1.72,391500
3-Jan-00,1.47,1.56,1.38,1.47,213900
